#
# Full target list for orbit 71, sector 32
# Created Wed Feb  3 18:29:43 EST 2021 
# Concatenation of GI astero exo bright DDT ppas spm1 GI2 exo2 lists
#
# TICID	      Camera   CCD	Tmag	   RA		  Dec
   593228	2	1	 9.22	 71.8469	-27.8422
   593230	2	1	 8.28	 71.8448	-27.8406
   608932	2	1	 8.30	 72.1556	-24.9420
   614556	2	1	 8.04	 72.6756	-29.7782
   626529	2	1	16.47	 72.9738	-25.8208
   672624	2	1	 8.12	 73.5055	-27.0563
   737327	2	1	 9.15	 74.3700	-29.1630
   767943	2	1	 8.07	 74.8762	-29.3352
   770004	2	1	 8.03	 74.8995	-25.3694
  1235623	3	2	 8.07	 72.1040	-32.8703
  1273249	2	1	10.07	 72.6745	-31.2750
  1396359	3	2	 8.14	 74.2803	-33.6832
  1438316	2	1	 8.02	 74.5613	-30.9593
  1440684	3	2	 8.11	 74.8257	-35.6707
  1517807	3	2	10.03	 75.2232	-33.4080
  1528696	2	1	13.17	 75.7954	-30.3995
  4068716	1	2	11.25	 79.9551	 -4.6048
  4116436	1	2	 9.24	 80.3357	 -0.6079
  4205592	1	2	 8.20	 80.8418	 -2.0039
  4293565	1	2	 9.38	 81.3361	 -2.6108
  4357066	1	2	 9.43	 81.7213	 -0.1627
  7420438	3	4	 8.21	 81.2117	-45.3477
  7491381	3	4	 9.99	 82.2140	-46.4719
  7493647	3	4	 9.28	 82.3618	-44.2838
  7586485	3	2	 8.52	 63.5943	-38.3171
  7586966	3	2	 8.01	 63.5745	-36.2261
  7623047	3	2	 8.09	 64.0249	-39.6199
  7625199	3	2	11.35	 64.4165	-37.7737
  7647775	3	2	11.02	 64.4877	-38.4513
  7649668	3	2	 8.07	 64.7692	-41.7494
  7722646	3	2	 8.01	 66.2165	-38.3342
  7723060	3	2	11.22	 66.2334	-40.0502
  9149953	1	1	 8.30	 60.7454	 -0.0632
  9150015	1	1	 4.91	 60.6540	 -0.2704
  9176012	1	1	 9.95	 62.3128	 -4.9604
  9266461	1	1	15.76	 62.7591	 -3.9737
  9268360	1	1	14.14	 62.7924	 -0.8134
  9295107	2	4	 8.04	 72.5099	 -8.5596
  9354932	2	4	13.00	 73.0145	-10.9740
  9358354	2	4	14.29	 73.0554	 -9.2762
  9380488	1	1	 8.26	 73.1856	 -7.6517
 11049041	1	1	 8.37	 62.8366	 -2.9647
 11053001	1	1	 8.05	 65.6770	 -2.2443
 11201507	1	2	 8.02	 84.5787	 -3.5550
 11289814	1	2	 8.08	 84.7693	 -1.2308
 13021029	2	1	11.72	 75.2997	-26.0541
 13069774	2	1	11.93	 75.8936	-28.4547
 13072717	2	1	14.32	 75.9818	-28.9092
 13072758	2	1	12.22	 76.0884	-29.0342
 13133610	2	2	16.23	 76.5754	-24.0668
 13203779	2	2	 8.04	 77.2096	-25.5018
 13205578	2	2	 8.14	 77.3069	-28.0469
 13273388	2	2	 8.08	 78.2474	-29.6128
 13344668	2	2	12.67	 78.7198	-29.7296
 13934072	3	2	 8.13	 75.0488	-37.9946
 13955147	3	2	 8.74	 75.2164	-41.0185
 14001734	3	2	11.74	 76.0993	-37.5057
 14161523	3	2	 8.34	 77.6873	-38.2924
 14164720	3	2	 8.07	 78.0078	-40.3481
 14164726	3	2	14.94	 78.0759	-40.3263
 20061482	3	1	15.42	 88.6439	-38.1170
 20096356	3	1	 8.85	 89.4617	-38.0677
 20143614	3	1	14.79	 89.5611	-37.5743
 20181050	3	1	 8.03	 90.0320	-38.1677
 20299658	3	1	12.70	 90.9639	-39.5464
 21438038	3	1	 8.06	 85.3633	-41.7219
 21540586	3	1	10.33	 86.3177	-38.6136
 21618270	3	1	 8.01	 86.7938	-39.1119
 24358417	3	1	11.70	 81.3447	-34.6682
 24360361	2	2	 8.10	 81.5222	-30.6728
 24398462	3	1	 8.09	 81.5840	-33.1652
 24405903	1	2	 8.03	 79.4270	 -6.6139
 24450633	3	1	13.72	 82.3564	-32.8176
 24451876	3	1	 8.04	 82.3927	-35.4004
 24452802	3	1	10.91	 82.4363	-32.6539
 24518895	2	3	11.89	 79.9875	-11.4124
 24523185	3	1	 8.06	 82.8069	-31.3035
 24528012	2	3	 8.14	 80.2426	-11.6149
 24606215	2	3	 8.10	 80.8090	 -8.5572
 24720349	2	3	 9.97	 81.4239	 -9.1545
 24722822	2	3	 8.07	 81.4992	 -6.9635
 24773594	2	3	10.10	 81.6665	 -8.7600
 24776909	2	3	 9.91	 81.7645	 -8.6409
 25078597	4	3	11.75	 60.3430	-70.8621
 25118964	4	3	12.03	 61.9332	-68.4196
 25132314	4	3	 8.03	 62.1285	-68.7022
 25132999	4	3	10.81	 62.0298	-71.4496
 25133286	4	3	13.58	 62.2984	-71.2948
 25153759	4	3	17.32	 63.0189	-68.1525
 25155310	4	3	10.61	 63.3750	-69.2265
 29762078	4	2	 8.62	 64.5395	-67.2440
 29779873	4	3	12.49	 64.8065	-71.3531
 29780677	4	3	13.23	 65.0563	-70.0960
 29830830	4	2	11.70	 66.4721	-66.8995
 29986479	4	3	 8.01	 72.8589	-68.4398
 30037565	4	3	 9.60	 73.5421	-70.3790
 30631031	4	3	 7.28	 75.1644	-70.6238
 30848598	4	3	10.90	 75.7377	-68.5667
 30853028	4	2	 8.11	 75.7767	-66.9099
 30944189	2	2	12.16	 79.3294	-26.4893
 30960928	2	2	 8.03	 79.9293	-25.2549
 31092490	2	2	 8.06	 80.7578	-27.4031
 31189268	4	3	12.84	 76.8662	-69.8789
 31192698	2	2	 7.01	 81.8534	-26.5852
 31266926	4	3	 9.64	 88.1558	-71.5155
 31373667	2	2	11.89	 83.2973	-29.2389
 31378425	2	2	 8.16	 83.4540	-29.0011
 31381302	4	3	12.49	 88.3604	-71.5615
 31383649	4	3	 7.87	 88.7143	-70.5080
 31511890	4	3	 8.04	 89.3423	-67.4283
 32072326	4	3	 8.85	 58.1708	-69.4257
 32089522	4	3	12.98	 58.2899	-71.6783
 32090581	4	3	13.51	 58.4151	-68.7409
 32090583	4	3	13.33	 58.4226	-68.7383
 32497834	2	2	 8.14	 84.0668	-24.6268
 32499622	2	2	 5.83	 84.3187	-27.8716
 32499655	2	2	13.54	 84.3268	-27.9726
 32500778	2	2	 6.86	 84.4153	-28.6263
 32501143	2	2	 8.12	 84.3876	-27.5847
 32556882	2	2	13.59	 84.9135	-28.5587
 32644711	2	2	13.11	 85.5995	-27.9676
 32681367	2	2	 8.06	 85.8688	-25.6223
 32707957	2	2	 8.37	 86.2456	-29.7657
 32811633	2	2	11.66	 86.4593	-27.1626
 32830560	2	2	 8.04	 86.8956	-24.0356
 32874669	2	2	 9.55	 87.2775	-27.5654
 32875139	2	2	 8.11	 87.3344	-26.7074
 32926505	2	2	 9.78	 87.2944	-24.0455
 32949762	2	2	12.34	 87.6796	-27.6234
 33102973	2	2	 8.17	 88.7806	-28.7012
 33105293	2	2	 8.63	 88.9321	-26.8566
 33419248	2	2	 8.02	 87.4046	-22.2269
 33473432	2	2	 8.00	 87.8773	-19.0830
 33521996	2	2	13.34	 88.1468	-19.0316
 33714875	4	3	12.40	 60.3684	-72.4247
 33714944	4	3	12.31	 60.3995	-72.2542
 33834484	4	3	14.11	 63.8381	-72.8615
 33834564	4	3	13.83	 63.7863	-72.6418
 33836359	4	3	 8.08	 64.0614	-75.3440
 33837062	4	3	13.84	 63.9284	-77.5174
 33864387	4	3	11.40	 65.4140	-72.5654
 33866201	4	3	13.79	 65.6938	-75.1279
 33878688	4	3	11.18	 66.2218	-73.3336
 33878971	4	3	13.00	 66.1452	-72.7155
 33881250	4	3	12.88	 66.3439	-76.5018
 34273997	1	1	 8.00	 62.1207	 -7.4812
 34308493	2	4	 8.00	 62.2812	 -9.2367
 34512862	2	3	 9.65	 83.0082	 -7.2570
 37817255	1	1	 8.13	 65.4528	 -6.5062
 37904598	1	1	11.21	 66.1784	 -6.7920
 37950380	2	4	 8.60	 66.7854	 -8.8986
 37991571	1	1	 8.07	 66.9502	 -8.3707
 37993129	2	4	 8.27	 67.1284	-10.5355
 38127678	1	1	 9.08	 68.4680	 -6.2465
 38127832	1	1	 5.88	 68.4780	 -6.7389
 38461205	4	2	11.80	 61.2415	-63.9086
 38469560	4	2	 8.05	 61.9716	-64.6040
 38469670	4	2	 5.78	 61.8426	-64.2204
 38510324	4	2	 6.62	 62.5310	-61.5994
 38515329	4	2	 8.02	 62.7588	-62.4473
 38515801	4	2	13.27	 62.5520	-63.8560
 38518773	4	2	12.71	 63.1948	-60.8882
 38583513	4	2	14.26	 63.5292	-65.4135
 38586127	4	2	 9.79	 64.1214	-61.0837
 38586438	4	2	11.67	 64.0893	-62.0133
 38633493	4	2	 8.03	 64.9985	-61.0058
 38811498	4	2	 8.02	 67.3874	-65.3774
 38827910	4	2	 9.75	 68.4858	-61.4878
 38846515	4	2	10.32	 68.9599	-64.0270
 38906005	4	2	 9.61	 69.4424	-60.5234
 38954456	4	2	 8.16	 70.2612	-60.8458
 40898510	4	3	13.01	 78.7285	-69.5618
 41173667	4	3	 8.13	 91.3987	-69.9151
 41259805	4	3	 8.84	 92.1221	-71.1199
 41533357	4	3	 6.07	 93.7748	-71.7024
 43472154	2	3	 9.50	 74.7024	 -8.7278
 43528564	2	3	 8.15	 75.1109	 -8.2918
 43529091	2	3	12.66	 75.2158	 -9.5160
 43605290	1	2	 9.43	 75.4860	 -6.9493
 43646803	1	2	 8.06	 76.0745	 -6.6203
 43647325	1	2	10.44	 76.0819	 -6.2298
 43648157	2	3	 9.97	 76.1171	 -8.0135
 43784522	2	3	 8.01	 77.3417	-11.1288
 43788367	2	3	 9.96	 77.5967	 -7.1722
 43867000	2	3	 8.07	 77.9009	 -7.8178
 44890689	2	1	 8.00	 63.2599	-26.4343
 44892011	2	1	14.41	 63.4177	-27.0750
 46313387	2	3	 8.42	 83.1852	-15.2187
 46528984	2	3	 8.12	 84.3949	-12.6992
 46556373	2	3	 8.01	 84.6928	-17.0709
 46625172	2	3	12.12	 84.9791	-13.1334
 47279259	1	3	 8.12	 80.6437	 16.8039
 50620873	1	2	13.99	 82.2481	 -3.5646
 50622172	1	2	 8.02	 82.2872	 -5.7910
 50722946	1	2	 9.20	 82.7330	 -2.6989
 50724937	1	2	 8.67	 82.8267	 -5.7038
 50745567	1	2	11.28	 82.9912	 -3.0605
 50745582	1	2	 9.28	 83.0188	 -3.0917
 50748079	1	2	 8.89	 83.1125	 -4.5756
 50789967	1	2	 8.02	 83.2652	 -1.2410
 50794045	1	2	 8.97	 83.3230	 -4.3536
 55269690	4	2	11.11	 76.2403	-63.8180
 55272404	4	2	 7.22	 76.5466	-62.7878
 55401680	4	2	 8.00	 77.9797	-60.6550
 55452078	4	2	10.34	 70.6846	-63.7046
 55478693	4	2	 8.01	 71.2144	-64.9763
 55523561	4	2	 8.22	 72.0654	-62.4282
 55557707	4	2	10.77	 73.0714	-60.3940
 55604274	4	2	 8.04	 73.5677	-59.9433
 55604374	4	2	11.83	 73.6575	-60.2346
 55650407	4	2	15.03	 73.8641	-62.9784
 55650590	4	2	12.43	 73.7386	-62.5217
 55652896	4	2	11.57	 73.9799	-63.2604
 55935205	1	1	 8.03	 68.7354	 -6.9963
 55977436	1	1	15.23	 69.0800	 -6.9034
 55997020	2	4	13.32	 69.4489	 -8.8286
 55997717	2	4	 8.30	 69.4231	-11.0400
 56097074	2	4	 8.04	 70.1250	-10.6271
 56124677	1	1	14.57	 70.6953	 -7.2818
 60876518	1	4	 8.02	 66.3783	 15.5418
 60878787	1	4	 8.11	 66.4817	 13.3472
 60879640	1	4	14.13	 66.5335	 15.1412
 60905900	1	4	 3.85	 66.6515	 14.7136
 67772871	1	1	 3.65	 63.8049	 -7.6728
 67772873	1	1	 7.84	 63.8406	 -7.6548
 67776291	1	1	 8.03	 64.0529	 -8.1456
 67807868	2	4	 8.22	 64.4310	 -9.4063
 70961708	2	4	 8.14	 64.7839	-13.3297
 71013467	2	4	13.16	 65.7202	-13.3530
 71028829	2	4	 8.07	 66.1237	-14.6112
 71110456	2	4	 8.06	 67.0450	-12.2653
 77156657	3	2	11.88	 68.1365	-38.9683
 77176282	3	2	12.32	 68.4273	-39.1038
 77231544	3	2	 8.24	 69.4442	-39.9528
 77263680	3	2	 4.14	 70.1394	-41.8642
 77317310	3	2	 8.10	 70.7856	-36.4089
 77372867	3	2	16.29	 72.8413	-37.7184
 77436438	3	2	 8.02	 73.1465	-40.1557
 77437543	3	2	11.28	 73.1245	-36.2571
 77670492	3	2	 8.03	 76.1791	-31.7486
 77702816	3	2	 8.26	 76.5204	-33.4427
 77725345	3	2	 8.07	 77.2966	-35.6385
 77841049	3	1	 8.14	 78.0819	-33.3951
 77893078	3	1	11.95	 78.7246	-33.0742
 77957301	3	1	 9.05	 79.3439	-35.3661
 77959296	2	2	13.60	 79.4856	-30.7970
 77993360	3	1	 8.22	 79.8152	-34.3457
 77994445	3	1	 8.22	 79.7893	-31.5349
 78055054	3	1	12.85	 80.5383	-30.9708
 78055893	3	1	11.21	 80.4831	-33.1202
 78055898	3	1	 9.56	 80.4462	-33.1345
 92845906	2	2	 8.94	 82.5796	-19.2755
 92870715	2	2	 9.58	 82.9625	-21.7979
 92878955	2	2	 8.03	 83.0797	-20.2043
 93127517	2	2	 8.04	 84.9685	-21.0357
 93169098	2	2	 8.04	 85.2017	-18.3892
 93277807	2	2	14.00	 86.0466	-19.7314
 93280676	2	2	 3.10	 86.1140	-22.4505
 93281916	2	2	 5.82	 86.1182	-20.1264
 94945758	2	3	 5.79	 81.7699	-11.9012
 95054629	2	3	 8.04	 86.0659	-15.3489
100592226	3	1	 8.05	 86.5694	-32.9788
100679966	3	1	 8.03	 87.5463	-30.8355
100776118	3	1	11.51	 88.3179	-34.5184
100776705	3	1	 8.13	 88.3742	-35.8251
100831279	3	1	 8.03	 88.7739	-33.9253
114921614	2	4	 8.03	 72.3916	-15.6207
114957519	2	4	 8.07	 72.9502	-12.7460
117648089	2	4	 8.02	 68.0084	-15.9575
117748478	2	4	10.73	 69.2396	-16.2186
117772810	2	4	16.31	 69.6965	-16.4555
117774227	2	4	 4.90	 69.7228	-12.1232
117798466	2	4	11.87	 70.0991	-17.3448
117799854	2	4	 8.51	 70.1955	-13.0627
117842802	2	4	 8.12	 70.3029	-14.8358
117880865	2	4	11.88	 70.7059	-14.8750
117979897	2	4	12.07	 71.8244	-17.1152
121566289	2	1	 8.12	 69.1679	-22.2796
121593764	2	4	 8.11	 69.7276	-18.8872
121639587	2	1	 8.46	 70.3046	-23.5861
121641254	2	4	14.51	 70.5345	-18.3485
138798835	1	2	 8.27	 74.3030	 -6.8601
138941272	1	2	 8.09	 83.2229	  2.6628
139419658	2	2	 8.12	 80.2609	-21.6839
139527866	2	4	 8.12	 63.7517	-18.4849
139551420	2	1	 8.04	 64.4197	-23.7986
139595497	2	1	 8.11	 65.1160	-21.2179
139667919	2	1	 8.09	 65.9271	-22.9780
139668867	2	4	 8.04	 65.9173	-19.4731
139682931	2	1	14.96	 66.2812	-23.6312
139733308	2	1	11.90	 67.2228	-21.4821
139753245	2	1	 8.19	 67.5945	-23.4950
139758332	2	1	 8.02	 67.7137	-20.8303
140281685	3	1	 8.10	 85.2705	-30.4804
140527781	4	3	 8.03	 66.8969	-71.9959
140579075	4	3	15.03	 68.2210	-77.6084
140691463	4	3	12.02	 73.7015	-76.6806
140800765	4	3	 8.02	 74.7115	-72.1251
140802488	4	3	 8.49	 74.8902	-73.0826
140827588	4	3	 7.15	 75.4837	-76.6292
140830390	4	3	11.71	 75.6273	-72.9139
140859822	4	3	12.07	 76.1203	-74.0291
140894354	4	3	 7.71	 76.4887	-73.5932
140898575	4	3	 6.70	 76.6526	-77.5699
140943025	4	3	17.63	 77.3084	-72.7787
140997242	4	3	 8.20	 78.1137	-75.1449
141269997	4	3	 8.59	 82.4732	-73.4704
141334293	4	3	12.73	 83.8379	-75.8912
141479174	4	3	11.61	 86.9851	-76.4877
141482386	4	3	10.08	 86.8207	-72.4226
141527965	4	3	11.55	 87.7151	-75.6884
141606660	4	3	 8.04	 88.9284	-72.4065
141608198	4	3	12.54	 88.9623	-73.9855
141610486	4	3	 8.56	 88.8625	-77.8896
141610893	4	3	16.04	 89.1492	-76.9469
141627237	4	3	 9.06	 89.5477	-76.2367
141628215	4	3	 8.06	 89.8005	-77.2712
141807629	4	3	10.10	 92.5685	-72.0085
141807839	4	3	11.21	 92.8753	-72.2271
141810080	4	3	 4.43	 92.5630	-74.7543
141945095	4	3	 8.03	 95.6582	-73.3449
141975926	4	3	11.12	 95.9177	-75.0758
142052876	4	3	10.89	 97.6940	-76.7171
142086812	4	3	 8.20	 98.4233	-75.6284
142086813	4	3	 8.97	 98.4372	-75.6234
142109251	4	3	 8.04	 99.1913	-76.8026
142110261	4	3	 8.02	 99.2720	-74.7960
142146238	4	3	17.39	 99.9392	-76.8756
143209291	3	1	10.76	 90.3562	-32.4204
143209292	3	1	11.81	 90.3566	-32.4191
143353218	2	3	 8.15	 82.4530	-13.4538
144486643	3	1	 8.02	 84.2540	-37.2107
144486786	3	1	13.30	 84.1477	-36.9141
146308722	2	1	 8.01	 73.7025	-20.3895
146323153	2	1	11.88	 73.9459	-20.5714
146343255	2	4	 8.08	 74.3008	-18.5445
146437520	2	3	 8.37	 75.6276	-18.4741
146517487	2	2	 8.07	 76.3912	-23.2957
146519129	2	2	 8.87	 76.4684	-19.7524
146522418	2	2	 8.46	 76.7083	-21.5860
146536983	2	2	 8.11	 77.0294	-21.4719
146538232	2	3	 7.78	 77.1491	-18.1802
146539195	2	2	11.62	 77.1139	-21.0291
146817359	1	1	 8.17	 71.6514	 -6.2178
146819340	2	4	10.00	 71.7149	-11.2802
149039372	4	2	 8.43	 78.3547	-65.2360
149059708	4	2	12.94	 80.4038	-60.6153
149121385	4	2	 8.13	 80.9201	-63.6150
149216532	4	2	13.22	 82.0529	-63.6062
149218683	4	2	15.22	 82.2036	-60.5051
149347480	4	2	 7.90	 83.6093	-60.1040
149347629	4	2	12.79	 83.6486	-60.1827
149422364	4	2	10.07	 84.5488	-63.1041
149423433	4	2	 8.13	 84.6103	-61.1668
149503727	4	2	10.32	 85.8485	-63.7676
149540525	4	2	 8.39	 86.3013	-62.9169
149575726	4	2	 8.26	 86.7690	-64.7627
149601126	4	1	13.40	 86.8510	-60.5213
149601557	4	1	10.02	 87.2826	-60.4984
149603524	4	2	 9.71	 87.1398	-63.9883
149861193	2	1	 9.16	 62.9728	-22.1125
149990841	4	1	11.63	 90.6625	-64.8195
150063627	4	1	 8.00	 91.4257	-60.1056
150098860	4	1	 9.69	 91.7996	-61.9973
150100421	4	1	11.65	 91.9920	-61.2515
150103650	4	1	 8.32	 92.3417	-65.6794
150139182	4	1	 9.51	 92.7520	-65.2102
150141471	4	1	 8.01	 92.7644	-63.2742
150185574	4	1	11.13	 93.4683	-65.5141
150188736	4	1	10.49	 93.7288	-60.6552
150249155	4	1	 8.07	 94.3374	-61.2461
150322340	4	1	 5.94	 95.6288	-60.2183
150357935	4	1	 8.00	 96.1953	-62.8364
150359500	4	1	 9.75	 96.4834	-60.0569
150390490	4	1	 8.28	 96.5365	-64.5532
150393049	4	1	 8.01	 96.7989	-60.1051
150428703	4	1	11.76	 97.1662	-64.5964
150432211	4	1	12.81	 97.2894	-61.7928
151561363	3	4	 8.03	 87.8092	-46.3453
151563386	3	4	 8.48	 87.9272	-42.4983
151584725	3	4	 9.87	 88.3044	-45.0867
152370762	2	1	 8.77	 65.2933	-24.5392
152373379	2	1	13.83	 65.5175	-25.5168
152376867	2	3	10.14	 75.0675	-14.7489
152504097	3	3	 8.15	 63.1826	-47.5656
152504637	3	3	15.27	 63.2124	-45.1694
152539152	3	3	 8.13	 64.1390	-45.3910
152573312	3	2	11.11	 64.5666	-42.0538
152574013	3	2	 8.60	 64.7142	-43.6222
152574751	3	3	10.72	 64.6462	-45.4576
153212208	2	2	 8.19	 90.0282	-27.6229
153708460	3	3	15.51	 65.5468	-47.6950
153723399	3	3	 8.03	 66.0869	-47.4518
153724306	3	3	 8.01	 66.2250	-44.7296
153798637	3	2	 8.00	 67.0267	-42.1294
156888563	3	4	 8.20	 98.9402	-47.2817
158091975	3	4	 8.01	 90.8442	-42.3631
158111564	3	4	 5.84	 91.1178	-45.0352
158111591	3	4	 5.52	 91.1664	-45.0774
158113091	3	4	 8.01	 91.2074	-46.8234
160179030	3	1	 8.04	 79.1351	-36.2656
160328822	3	1	 8.01	 91.2311	-32.8409
160329609	3	1	 9.65	 91.2175	-34.5579
161476008	3	3	 9.26	 72.9733	-46.7870
161477033	3	3	10.06	 73.2614	-45.5403
161528027	3	3	 8.04	 74.0620	-46.4499
161567634	3	2	 8.10	 74.4198	-43.0330
167085242	4	4	 8.13	 95.6652	-66.3128
167087044	4	4	12.97	 95.8849	-68.3127
167203674	4	4	 8.83	 97.0789	-70.2585
167205241	4	4	 8.03	 97.3487	-71.5065
167339584	4	4	 8.44	 98.5407	-68.4770
167415965	4	4	 8.01	 99.4581	-70.9309
167455698	2	4	 8.07	 65.0334	-11.5605
167485724	2	4	14.62	 71.9759	-10.1787
167486494	2	4	 8.16	 72.0671	-11.0645
167486543	2	4	16.30	 72.1335	-10.8973
167524278	4	4	 8.15	100.5792	-65.1343
167554511	4	1	14.67	101.2040	-60.4104
167574282	4	1	10.90	101.3955	-61.3204
167672077	3	1	 8.11	 79.7974	-41.5796
167695608	4	1	11.69	102.9257	-63.4304
167746025	3	1	15.61	 80.8561	-39.1983
167748092	3	1	 8.47	 81.0900	-38.2578
167751145	4	4	 9.74	103.9712	-64.9971
167794129	4	4	 8.84	104.4597	-64.8536
167799624	3	1	 8.35	 81.4841	-40.4052
167810285	4	4	12.79	104.8174	-65.4855
167888736	4	4	11.64	105.1675	-64.6827
168793956	3	2	 8.46	 63.9347	-32.9821
168794172	2	1	 8.16	 63.9849	-31.9878
168873996	3	2	 8.34	 65.3281	-33.8370
169304560	2	3	 9.33	 75.8323	-17.3761
169305167	2	3	15.85	 75.7814	-15.6063
169419750	2	3	 8.03	 77.1432	-17.3282
169451968	2	3	 8.01	 77.5448	-13.7306
170632780	3	2	 8.02	 66.2041	-35.2900
170634116	2	1	 9.68	 66.3709	-30.6004
170636897	2	1	11.07	 66.6356	-30.8032
170699229	2	1	11.81	 67.9111	-30.7142
170729895	3	2	 8.10	 67.9992	-33.8986
170750280	2	1	 8.35	 68.2808	-31.6953
170847981	3	2	 8.33	 70.2273	-33.0655
176380638	1	1	 8.03	 72.1854	 -2.6367
176401306	1	1	 8.04	 72.3306	 -0.8697
176872276	4	4	11.56	100.5172	-73.2534
176935123	4	4	12.47	100.6235	-67.1245
176955267	4	4	11.36	100.9250	-69.4822
176956893	4	4	11.41	100.8331	-66.9476
177036977	4	4	13.73	102.7881	-66.7015
177077336	4	4	10.07	103.2431	-70.6415
177079697	4	4	14.81	103.3046	-66.9974
177115354	4	4	11.55	103.7548	-69.8671
177116487	4	4	10.69	103.8550	-68.1057
177118939	4	4	17.48	104.1639	-67.0379
177119085	4	4	 8.06	104.2108	-67.2271
177238322	4	4	10.37	105.3524	-69.1019
177255827	4	3	10.84	101.6778	-77.0001
177258735	4	4	 7.54	102.2209	-73.2991
177282821	4	4	12.78	102.5058	-72.3769
177284199	4	4	 8.25	102.4187	-74.5569
177306969	4	4	12.20	103.1051	-73.0002
177309385	4	4	 7.16	103.3173	-74.7241
177353450	4	3	12.55	104.6605	-77.1853
177387396	4	4	16.17	104.9821	-73.3942
178807323	2	1	 8.93	 66.2206	-26.4671
178873605	2	1	14.36	 67.2947	-29.0466
178879588	2	1	13.26	 67.4186	-28.1972
178881302	2	1	 8.08	 67.5204	-25.0912
178893906	2	1	13.64	 67.6132	-27.8727
178894913	2	1	 8.04	 67.8107	-27.8447
178946229	2	1	 9.67	 68.8038	-29.6362
178947176	2	1	 9.88	 68.9012	-25.4607
178967253	2	1	 8.12	 69.2576	-28.9529
179034615	2	1	15.38	 64.2105	-25.1939
179034958	2	1	10.71	 64.4046	-24.3307
179201407	4	3	 8.27	 79.3173	-70.2596
179317684	4	3	10.87	 79.7683	-71.8955
179582003	4	3	10.23	 80.4515	-69.9882
180968339	3	4	 8.04	 89.3366	-47.8007
180968439	3	4	 9.74	 89.3161	-47.4763
188969315	2	3	 9.68	 78.5137	-15.0502
189017499	2	3	 8.00	 79.2768	-17.4507
192826603	3	1	13.91	 82.7142	-36.6310
192831602	3	1	11.44	 82.9530	-38.1652
192928325	3	1	 8.29	 83.8150	-39.8061
198052877	3	3	 8.20	 63.2895	-55.4952
198076680	4	2	11.87	 63.9519	-59.3761
198077858	3	3	15.09	 63.8760	-54.3663
198081375	4	2	 8.03	 64.5252	-56.9971
199752417	2	3	 9.36	 81.8540	 -6.6243
199756170	2	3	 8.06	 81.9591	-10.1647
200320747	3	2	 8.10	 76.3735	-42.1245
200322593	3	3	11.51	 76.3095	-47.9375
200364466	3	2	11.16	 77.2651	-42.1552
200368439	3	2	11.82	 77.4655	-42.1288
200369221	3	3	 8.29	 77.5771	-44.0830
200390959	3	3	 8.07	 78.4083	-46.5242
200394475	3	3	13.68	 69.6139	-46.1813
200397541	3	3	 8.02	 69.8810	-45.1241
200475413	1	3	 8.10	 82.5969	  6.5095
200511734	1	3	 9.87	 82.5793	 11.3389
200517741	1	3	 9.23	 82.9886	 11.2948
200525363	1	3	 8.99	 83.0600	  9.8196
200525765	1	3	14.44	 83.0434	 10.2759
200541544	1	3	 8.04	 83.1459	 10.0828
200545781	1	3	14.08	 83.2798	  7.5060
201368234	2	3	 8.46	 83.2489	 -6.8300
201426753	3	1	 9.20	 92.3300	-35.8256
201427724	3	1	 8.33	 92.4085	-34.1802
213034033	1	2	15.22	 74.8346	 -2.4685
213105608	1	2	 8.04	 76.1391	 -0.1271
219200215	3	4	 8.05	 92.5076	-52.7994
219203188	3	4	13.01	 92.6403	-48.7404
219212899	4	1	10.64	 93.3978	-53.3924
219226906	3	3	 8.46	 62.9831	-51.0843
219237485	3	3	 8.04	 64.3983	-52.4838
219240002	3	3	15.51	 64.7909	-53.8466
219244444	3	3	12.63	 65.2734	-48.6551
219251369	3	3	 8.45	 65.4431	-49.3084
219389540	3	3	10.21	 77.0287	-53.2711
219394646	3	3	 8.64	 77.6632	-50.5254
219396049	3	3	12.25	 77.7960	-49.0665
219404010	3	3	 8.31	 78.3490	-48.4937
219425479	3	3	 8.01	 80.2254	-49.7694
220044948	1	2	 9.21	 83.4353	  1.9445
220064505	1	2	 9.65	 83.8477	  0.2392
220071605	1	2	 8.23	 84.0727	  4.4076
220073982	1	2	 9.90	 84.1028	  1.7869
220391375	4	2	 8.02	 68.1286	-56.2256
220391763	4	2	11.63	 68.2415	-57.6959
220399820	3	3	 8.28	 69.1285	-54.6210
220411786	4	2	 8.06	 70.8635	-58.7895
220412239	4	2	 8.01	 70.8468	-57.0927
220414682	4	2	 8.71	 71.1125	-59.3213
220419648	3	3	 8.12	 71.6163	-54.8707
220429730	4	2	17.38	 72.9714	-56.1524
220432563	4	2	11.30	 73.4336	-58.6065
220433363	3	3	 8.71	 73.3813	-55.8599
220433364	3	3	 9.43	 73.3788	-55.8584
220436223	4	2	 5.69	 73.7221	-58.5473
220454990	3	3	 8.23	 74.2749	-55.6125
220459208	3	3	12.57	 74.8284	-53.8816
220473309	4	2	 8.46	 75.1968	-57.2566
220473692	4	2	12.39	 75.1042	-58.5022
220476769	4	2	15.57	 75.5506	-56.6186
220477045	4	2	 8.01	 75.5281	-57.4834
220600579	3	4	 7.58	 83.2349	-47.6894
231097055	4	3	10.57	 69.3867	-69.1873
231098685	4	2	 8.19	 69.1680	-67.2333
231308507	2	3	11.55	 78.6829	 -8.8019
231729342	3	3	 8.01	 81.4601	-53.5824
231736113	3	4	11.43	 82.1280	-48.4091
231738304	4	3	17.16	 67.0766	-72.5386
231739754	4	3	16.93	 67.2015	-75.6542
231799463	4	3	18.43	 78.2555	-70.4616
231803967	3	4	 8.00	 85.0669	-49.5398
231812002	3	4	14.33	 85.6948	-50.2909
231814409	3	4	13.32	 85.8378	-51.4371
231815113	3	4	12.96	 85.7284	-53.2490
231815570	3	4	 8.09	 86.0019	-53.3779
231819604	3	4	16.14	 86.2054	-52.3314
231824922	3	4	 6.08	 86.6170	-53.2201
231917352	3	4	 9.74	 92.7214	-43.4006
231919858	3	4	 8.06	 92.7663	-44.8741
231943126	3	4	 8.06	 93.8868	-43.1770
231945429	3	4	10.58	 94.1424	-44.6378
231967272	3	4	 9.33	 95.3226	-47.4020
231969683	3	4	10.65	 95.3021	-43.1566
232028066	3	4	 8.06	 96.1824	-43.4052
232038798	3	4	11.32	 96.7446	-46.8213
235062311	3	4	12.73	 85.3903	-46.5642
235077029	3	4	 9.03	 86.4036	-47.5944
237949640	4	1	 8.24	101.5943	-53.3422
237951156	4	1	 8.01	101.6004	-51.1997
238018220	4	1	17.09	102.9654	-53.0094
238188583	4	3	 8.10	 55.2960	-73.9292
238194430	4	3	12.54	 56.4206	-75.1533
238195769	4	3	 8.06	 56.8381	-76.4212
238201491	4	3	 9.02	 57.9805	-72.0273
238226712	4	3	15.60	 58.8241	-72.0646
238228648	4	3	10.93	 58.8938	-77.5783
238915288	3	4	 8.02	 94.0118	-50.9772
238922766	3	4	 8.01	 94.3767	-48.7876
238949177	3	4	 6.02	 95.0276	-48.7426
238950307	3	4	10.76	 95.2775	-49.0924
242961495	1	4	11.76	 59.0375	 13.5589
242984921	1	4	 8.38	 59.6497	 13.1050
242990922	1	4	11.89	 60.0925	 12.6338
242994397	1	4	11.97	 60.3724	 14.0001
243011824	1	4	13.11	 60.7090	 13.3436
244243915	1	2	 8.11	 74.0022	 -1.6838
244257815	1	2	 8.04	 74.6538	 -4.5593
245826993	1	4	 7.26	 67.8728	 13.9034
245858638	1	4	14.50	 68.4379	 12.7111
245898675	1	4	 8.25	 69.3022	 14.3929
245903594	1	4	10.02	 69.3515	 12.4871
245948521	1	4	 8.00	 70.3561	 13.1055
246897668	2	4	 9.24	 73.1025	-16.8240
246902275	2	4	 8.82	 73.4607	-17.7772
248477455	1	2	14.15	 78.0262	 -0.7013
248618986	1	1	 8.11	 66.3593	 -3.7691
248654486	1	1	14.63	 67.3590	 -4.8123
248656622	1	1	 9.61	 67.4394	 -0.9199
248686314	1	1	 8.36	 68.0533	 -4.0219
248688920	1	1	 5.90	 68.1566	 -3.2096
248995415	1	2	 8.01	 78.2846	 -2.9617
248997408	1	2	 8.15	 78.4297	 -5.0876
249040374	1	2	13.99	 79.1112	 -0.2040
250134805	1	1	11.14	 63.3616	 -1.6559
250136335	1	1	11.39	 63.4422	 -5.1521
250138124	1	1	 8.19	 63.5429	 -0.3449
250158330	1	1	 8.12	 63.7902	 -4.4188
250163328	1	1	15.37	 64.2194	 -4.4569
255559492	4	1	16.55	 95.8994	-52.7335
255559524	4	1	17.94	 95.9521	-52.7802
255563650	3	4	10.61	 96.3993	-48.2670
255587619	4	1	10.66	 96.8409	-53.1030
255614823	3	4	 8.11	 97.4902	-50.9324
255701070	4	1	 8.08	 98.9023	-52.5349
255756592	3	4	17.73	 99.5819	-48.9877
257644579	3	2	 9.77	 71.4513	-36.2628
259373313	3	3	 8.05	 68.0289	-48.8057
259377017	3	3	10.50	 68.4163	-51.9578
259392878	3	3	12.63	 69.0635	-53.7262
259444174	3	3	 8.58	 69.8800	-52.9634
259475214	3	3	 8.01	 70.4078	-48.4878
259512080	3	3	 6.42	 70.9566	-48.3254
259542669	3	3	11.57	 71.7522	-51.5778
259587315	3	3	 8.69	 72.1605	-49.1700
259593708	3	3	 8.17	 72.8570	-50.0364
259675295	3	3	 8.10	 73.7102	-52.9153
260004324	4	1	10.14	 91.0918	-55.3110
260079513	4	1	 8.05	 92.0713	-55.2384
260127606	4	1	 8.04	 92.0670	-57.9322
260128333	4	1	11.49	 92.1331	-59.5409
260162387	4	1	10.39	 92.8249	-55.5512
260266502	4	1	 7.29	 94.0637	-59.2205
260268898	4	1	11.06	 93.9849	-54.3055
260351540	4	1	 8.28	 94.8040	-58.0541
260369118	4	1	14.87	 95.1606	-57.0939
260639999	4	1	11.06	 97.9484	-56.9744
260640693	4	1	11.91	 97.8206	-58.3203
260709282	4	1	 8.01	 98.5248	-57.0860
260949692	4	3	 8.04	 73.3152	-78.1457
261138245	4	3	 8.09	 84.6684	-78.6479
261258146	4	3	 9.11	 89.7444	-78.2822
262400835	1	2	13.55	 78.4851	  2.6106
262435168	1	2	 8.01	 73.4838	  3.0966
262614905	4	4	11.16	116.6930	-62.8054
264459286	1	2	 8.08	 81.1658	  2.8512
264542187	1	2	 8.02	 81.6374	  0.5273
264589133	1	2	 9.51	 80.5651	  3.3974
267195503	3	4	 8.06	 93.5099	-41.2827
267254246	3	1	 8.05	 93.8081	-38.4740
269079069	1	2	 8.09	 75.6092	  2.0480
269615773	1	1	 8.21	 61.2078	 -3.1705
269634384	1	1	10.72	 61.5288	 -5.5799
270557257	4	3	 8.51	 99.9089	-78.4403
270577687	3	4	11.33	 86.9284	-52.3635
270627532	3	4	11.12	 87.3206	-53.3014
270674067	3	4	16.83	 87.4392	-49.3656
271595936	4	4	 8.07	108.3439	-74.0541
271698614	4	4	 8.09	109.9832	-76.6921
271723402	4	4	 8.68	110.3810	-72.7240
271893367	4	4	10.90	112.9653	-73.6060
271972426	4	4	12.22	114.0132	-75.4697
271975726	4	4	13.01	114.1704	-74.7016
272086159	4	4	13.40	115.0035	-72.2050
272088627	4	4	 8.01	115.5212	-74.9482
272128326	4	4	 8.73	116.4173	-72.3239
277018227	4	3	12.83	 83.8954	-70.4067
277108325	4	3	12.08	 84.2319	-68.8906
277291895	4	3	 8.12	 84.3617	-70.6849
277301936	4	3	 9.45	 84.5316	-68.4439
278683844	4	1	 9.28	 99.2386	-58.0165
278775103	4	1	 8.01	 99.7408	-55.2986
278777070	4	1	 8.01	 99.7440	-58.8360
278779899	4	1	 8.09	 99.9028	-55.6096
278865869	4	1	12.69	100.8613	-55.8314
279319721	4	1	 8.08	104.1986	-54.7954
279324004	4	1	 8.01	104.2197	-59.3788
279475245	4	1	11.94	105.0841	-59.0354
279510595	4	1	14.69	105.5816	-58.8347
279541094	2	3	 9.24	 85.3648	 -6.7688
279572957	4	1	10.66	106.0891	-57.1103
281631335	4	4	 8.06	115.9742	-64.6232
281634912	4	4	 8.07	117.0799	-62.6768
283623989	1	4	 8.04	 62.0698	  6.2110
283630575	1	4	10.03	 62.1335	  9.7566
283751025	1	4	 6.61	 63.6438	 10.7014
283792492	1	4	15.44	 63.7430	  6.6685
283866910	1	4	10.86	 64.3280	  8.8206
284195833	4	4	 8.17	105.5810	-69.3525
284789252	1	3	 9.85	 76.7235	  6.1155
284790075	1	3	 8.10	 76.8080	  6.4226
287298253	4	2	16.76	 82.2810	-66.0065
287298669	4	2	17.57	 82.2900	-66.2576
287496048	4	4	 8.09	124.1351	-73.0178
290655383	3	4	 8.03	 83.9055	-51.7318
290717924	3	4	10.86	 84.4248	-49.9122
293165262	4	2	14.51	 66.6217	-59.1027
293271232	4	1	 7.51	 98.6953	-63.2622
293271581	4	1	12.47	 98.9003	-62.6401
293512375	1	3	 8.04	 76.5976	 16.1245
293513505	1	3	14.29	 76.5659	 14.8079
293515726	1	3	 8.15	 76.6062	 12.0002
293612446	1	3	12.04	 76.8673	 16.8677
293636456	1	3	 8.05	 76.9325	 14.3594
293649186	3	4	 8.03	 97.7744	-45.8313
294205275	4	1	 8.06	108.0761	-58.4033
294399068	4	1	 9.43	109.2452	-59.1228
294626591	4	3	 9.50	 70.4984	-70.5224
294750180	4	3	 9.02	 71.0440	-70.3240
294754396	4	2	10.71	 71.0049	-66.4008
294781547	4	3	10.39	 71.4841	-68.7618
294784092	4	3	 8.92	 71.2626	-70.6719
294977810	4	3	17.48	 72.4212	-69.2899
294981566	4	2	10.12	 72.3326	-67.3687
298812417	1	1	 8.04	 69.4535	 -2.7015
298851147	1	1	14.05	 69.8750	 -4.6003
299004430	1	1	 8.10	 70.7245	 -4.1199
300038935	4	4	 9.10	107.8437	-68.8333
300086410	4	4	16.98	107.8419	-70.7742
300138745	4	4	10.18	108.7551	-69.7720
300143416	3	1	 8.03	 92.3906	-36.1357
300241371	4	4	 8.00	109.4017	-71.3342
300325379	4	4	 8.03	110.7053	-66.5388
300443029	4	4	10.47	111.6159	-70.8261
300510333	4	4	 9.67	112.2534	-70.2390
300560295	4	4	10.78	112.9157	-68.1332
300651846	4	4	13.49	114.3667	-66.7573
300658296	4	4	 8.00	114.6477	-68.2706
300739852	4	4	10.21	115.1650	-69.1416
300808454	4	4	12.24	116.5623	-66.9862
300809119	4	4	 9.10	116.6859	-67.7500
300863975	4	4	18.22	117.1243	-67.7569
300970893	4	4	13.34	118.3065	-67.8007
302346975	1	3	 8.26	 81.8406	 14.0289
302491682	1	3	 9.51	 82.1411	 12.0295
302531735	1	3	 8.52	 82.3508	 17.1247
302672484	1	3	 8.01	 82.7128	 12.2035
303599346	1	3	 9.88	 75.4884	 12.9320
306574570	4	4	 9.90	119.3872	-71.2482
306577335	4	4	 8.11	119.3053	-67.6934
306739391	4	4	11.31	120.9705	-69.8810
306739511	4	4	 8.06	120.7380	-70.0301
306779124	4	4	10.22	121.5091	-71.0430
306826966	4	4	13.69	121.7288	-66.3063
306894095	4	4	12.35	121.9489	-70.2274
307210830	4	4	 9.41	124.5332	-68.3150
307434940	4	4	 9.60	125.8372	-71.0332
307441274	4	4	 8.30	126.2206	-66.7879
307780535	4	4	 8.05	127.9615	-68.3955
307785290	4	4	 8.09	128.2167	-70.4312
308454245	4	4	 8.25	120.9581	-64.6291
308543986	4	4	11.62	121.1685	-64.4977
309658435	4	2	14.89	 79.0441	-60.9603
309702890	4	2	10.60	 79.7052	-65.0249
309703910	4	2	11.33	 79.7371	-64.0589
309755088	4	2	11.96	 79.7461	-60.5326
309791758	4	2	14.72	 80.1841	-61.4973
309792357	4	2	10.04	 80.1060	-59.8953
316970978	2	3	 8.23	 74.8507	-12.5118
317096584	2	3	 8.07	 86.6287	-12.7288
317331337	2	3	 8.52	 87.4633	-16.9663
319259194	4	3	 9.53	 71.6509	-78.5616
319609219	3	4	 8.49	101.0116	-50.5261
319611434	4	1	11.72	101.0788	-53.9632
332620288	2	4	 8.08	 62.2789	-13.2879
332643408	2	4	 8.00	 62.6745	-15.2554
332662679	2	4	 8.01	 63.3224	-16.8050
332697630	2	4	12.74	 63.3310	-13.6841
345581462	1	4	 8.01	 69.7498	  9.6393
348662485	1	4	 8.24	 61.7944	 13.8122
348667600	1	4	12.34	 62.5178	 12.7794
348839788	4	1	 9.30	 98.8426	-57.6261
348842168	4	1	11.49	 98.8557	-57.2715
348899264	4	1	 8.04	106.1815	-60.8080
348992095	4	1	12.54	106.7452	-62.3532
348992108	4	1	14.63	106.9111	-62.3781
348993107	4	4	 8.11	106.7215	-64.0039
349095149	4	4	10.06	107.9210	-65.5088
349156177	4	4	 7.40	108.3160	-64.8734
349192028	4	1	11.82	108.8378	-60.3780
349269343	4	1	 8.00	108.9713	-61.8623
349271114	4	1	10.99	109.2049	-60.3506
349273907	4	4	 6.99	109.1556	-64.1245
349275562	4	4	 9.13	109.4547	-65.2141
349411267	4	1	 8.05	110.3439	-60.2531
349480752	4	4	 8.07	110.8602	-64.6920
349574361	4	4	 9.53	111.7157	-65.8852
349576261	4	4	11.53	112.0100	-63.5178
349784936	4	4	 8.08	113.1789	-63.3246
349829477	4	4	 8.31	113.6764	-61.0828
349902873	4	4	 8.62	113.7696	-63.0394
349972412	4	4	12.55	114.4673	-62.0783
350146296	4	4	 9.17	115.7396	-63.7019
350152284	4	3	16.74	 53.1024	-78.5643
350297825	4	2	14.13	 83.7106	-58.0280
350433903	4	1	 8.16	 85.0495	-56.5068
350580827	4	1	 8.12	 86.8899	-55.0365
350583903	4	1	13.22	 87.1889	-58.2900
350618622	4	1	 8.58	 87.4018	-54.9103
350620310	4	1	 8.13	 87.3268	-58.6712
350717211	3	4	 8.02	 88.4022	-54.0560
350765919	4	1	14.18	 89.3022	-59.5905
354556180	3	4	 8.07	 83.8522	-44.3408
354557091	3	4	 8.15	 83.8091	-46.9454
354570245	3	4	15.07	 84.3100	-46.2494
354572301	3	4	12.53	 85.2707	-42.8414
356733691	1	4	10.04	 60.0791	  8.7100
356734609	1	4	15.91	 60.1553	  6.3794
356738962	1	4	10.08	 60.2150	 10.6688
356880434	1	3	 8.74	 78.7495	  7.5680
358253471	4	2	 8.11	 61.8423	-59.7303
364266095	4	2	16.11	 62.7887	-59.1879
364326091	4	1	 8.01	101.7985	-61.8131
364393429	4	4	 9.24	116.5937	-64.0558
364588501	4	3	 9.20	 85.4034	-76.0722
364588606	4	3	 9.74	 85.0679	-76.3861
365462465	1	4	 8.09	 64.7544	 10.1541
365553903	1	4	 8.10	 65.3924	  6.9742
365779699	1	3	 9.93	 81.9995	  9.6395
369394241	3	2	14.00	 73.4695	-36.8207
370227221	4	3	 8.10	 85.5473	-74.5674
371690895	1	3	 8.09	 80.2537	  9.0272
372817805	3	3	17.29	 67.1130	-54.1562
372948880	1	4	 7.05	 66.1752	 10.0464
372994308	1	4	 8.02	 66.6563	  9.3942
373027127	1	4	 8.11	 66.8409	 11.5920
373052731	1	4	 6.57	 67.7388	 10.7517
373055129	1	4	 8.03	 67.8007	  8.1441
373135132	1	4	 8.15	 68.6820	 11.4994
373210707	1	4	10.11	 69.9272	 11.6018
373261269	1	4	14.19	 70.2578	 10.9944
373308420	1	4	 8.06	 70.4264	  7.8272
373310949	1	4	 9.33	 70.5968	 11.4210
373491809	1	3	 8.09	 78.2487	 10.0889
373604254	4	3	 8.08	 81.1833	-67.8974
374997123	4	1	10.30	 99.2248	-63.0794
375034557	4	1	 5.64	 99.5009	-61.5330
375063320	4	4	 7.42	100.3749	-65.4690
375091818	3	4	12.48	 88.7342	-50.1508
381949122	4	2	 4.22	 76.3774	-57.4720
381949148	4	2	 7.36	 76.4470	-57.5531
381949410	4	2	11.04	 76.5439	-58.4745
381978020	3	3	 8.07	 77.5357	-54.2778
382042960	4	2	17.01	 79.0502	-56.0113
382043650	3	3	11.96	 79.1914	-54.1712
382145521	4	2	 8.00	 80.3227	-56.2452
382198673	4	2	 8.39	 81.5633	-59.1928
382200986	3	3	11.89	 81.8186	-54.9461
382256692	4	2	14.14	 82.3691	-58.9128
382342163	2	4	 8.19	 65.9004	-17.5477
382437043	4	4	 9.31	117.2148	-63.7201
388131027	4	3	 8.03	 65.3618	-69.6155
388182039	4	4	10.37	105.6468	-75.1465
388901191	2	3	 8.02	 83.6656	-10.0825
389121312	1	3	 8.06	 74.9803	 15.3172
389121767	1	3	 6.31	 74.9352	 15.9166
389139036	1	3	 8.03	 75.2576	 13.2921
389669796	4	3	10.39	 86.8992	-69.3664
389920950	4	3	 7.18	 87.7523	-69.9028
389924075	4	3	10.40	 87.8741	-70.9918
391892593	4	4	 9.35	115.4550	-68.0283
391925969	4	4	 9.97	107.7566	-75.1680
393030999	4	3	 8.20	 65.6851	-78.7144
393414358	3	1	10.44	 94.3363	-38.3234
393489565	3	3	 8.07	 67.3060	-54.4067
393491149	4	2	12.54	 67.5997	-59.4683
394698511	4	3	15.79	 58.3993	-78.1875
396695965	3	3	13.31	 65.0110	-54.0706
396720998	3	3	13.99	 65.6554	-54.1472
396896230	1	4	 9.20	 62.6240	  3.3738
396897979	1	1	 8.18	 62.7522	  1.9644
396945898	1	4	 8.10	 63.7369	  4.8613
396954061	1	1	14.18	 63.9591	  1.9058
396977579	1	1	 8.07	 69.7456	  0.5200
397064286	1	2	14.30	 76.8987	  3.8042
397122234	1	2	 8.00	 78.5259	  1.4796
398796167	2	4	15.81	 72.4063	-18.1166
399618982	1	3	 8.08	 72.2879	 11.8519
399819276	1	3	 8.01	 74.1942	 10.6084
404852431	4	3	 8.77	 85.2302	-69.1753
407963722	1	4	 8.14	 60.6313	  7.0122
407966340	1	4	 6.44	 60.7485	  9.2075
408000326	1	4	14.15	 63.1818	 11.8631
408011175	1	3	 8.05	 76.5821	 10.2873
408114814	1	3	10.05	 77.9044	  6.1869
408157922	2	2	 8.06	 79.3661	-20.2855
408161480	1	3	 9.81	 78.4999	  9.3030
408187719	2	2	16.20	 79.5290	-23.1459
408188366	2	2	13.39	 79.4876	-21.6673
408217918	2	3	15.54	 79.7679	-18.0245
411697517	1	3	14.41	 78.3391	 16.4142
411752883	1	3	 8.01	 78.4577	 12.2082
411839167	1	3	10.82	 78.9198	 16.2787
412055851	1	3	 7.38	 79.7205	 13.5671
412199976	1	3	 8.25	 80.4509	 13.1209
412202415	1	3	 9.42	 80.4612	 14.1222
415508270	1	3	10.87	 76.0611	 11.0578
423478252	2	4	 8.10	 71.2828	-18.1636
423520098	2	1	 8.23	 71.8481	-22.5611
423785734	2	1	 8.06	 71.0172	-28.6821
423830804	2	1	 8.01	 71.4908	-27.0489
425064757	4	3	11.36	 82.9180	-69.8836
425085686	4	2	 8.35	 82.9054	-66.6781
425211420	2	3	 9.83	 76.9716	-11.0498
426053693	1	2	 8.10	 74.5312	  0.8658
427346731	1	2	10.07	 83.4993	 -2.3593
427350675	1	2	16.31	 83.5847	 -2.2420
427395741	1	2	 8.05	 83.7818	 -5.8690
434237820	1	4	 8.02	 63.9971	 13.1672
434260570	1	4	12.99	 64.2438	 14.7715
435880130	1	4	12.47	 64.2859	 14.9363
435910664	1	4	 5.32	 64.9911	 14.0351
435915513	1	4	 5.72	 65.2203	 13.8644
435916016	1	4	 5.06	 65.1519	 15.0953
435923755	1	4	 5.43	 65.5153	 14.0771
436579904	1	3	14.74	 71.2371	 14.3639
436590739	1	3	 7.69	 71.6271	 15.4719
436640067	1	3	 8.17	 72.2441	 14.7992
436682542	1	3	12.89	 73.6560	 14.0235
436722124	1	3	 8.33	 73.9867	 12.2562
442871206	2	3	 8.05	 79.9107	-13.5912
442930113	2	3	 8.02	 80.9590	-15.0986
442960837	2	3	 9.76	 81.4179	-14.4815
442962268	2	3	 8.09	 81.3630	-17.5273
449307761	1	3	 8.22	 80.1336	  5.6637
449310316	1	2	 8.09	 80.1078	  0.9776
450020218	1	3	 9.98	 74.8084	 11.4048
450025295	1	3	 8.04	 74.9264	  8.8028
450045402	1	3	14.46	 75.0790	  9.2011
450048899	1	3	 9.90	 75.1522	  8.5325
450060052	1	3	 9.37	 75.4952	  9.9824
450094525	1	3	 8.03	 72.7250	  7.8578
450102450	1	3	 9.45	 73.0248	  6.4748
452377101	3	4	 8.01	 88.3344	-51.0529
452786148	1	1	 8.02	 68.4470	  1.8103
452786815	1	1	 6.62	 68.6119	  0.4064
452810859	1	3	 8.00	 72.7584	  5.4308
453099619	4	4	 8.10	116.0861	-69.5105
453123341	3	1	 8.19	 91.7060	-40.0967
454146739	1	1	 8.46	 65.1372	  2.7342
454147106	1	1	12.71	 65.1453	  1.3447
454190342	1	2	15.23	 78.9226	  1.0779
454200140	1	2	 8.05	 79.2507	  3.4769
455039377	1	4	 8.01	 69.1374	  5.3072
459942762	1	4	 8.25	 60.2785	  4.5408
459946416	1	1	 8.02	 71.1786	  3.2081
459959323	1	4	 8.04	 71.4122	  5.6578
464753679	1	1	 8.90	 60.5213	  2.0847
464769756	1	4	12.11	 60.4284	  5.0918
464837530	1	2	 8.04	 82.0619	  4.4688
468901301	1	4	 8.02	 61.4546	 11.0703
468903805	1	4	 8.11	 62.5830	  8.4148
471012347	1	2	 9.47	 75.4860	 -6.9494
471013513	4	2	14.84	 69.3921	-61.9619
471013553	4	3	15.80	 85.8925	-68.3728
471013582	4	3	16.10	 91.1287	-71.4231
671960529	1	1	14.64	 67.2952	 -4.3224
684404985	4	2	17.54	 78.7080	-65.0209
684905448	4	2	16.89	 64.7268	-64.5899
684974870	4	2	17.04	 69.8522	-59.5905
685012668	4	2	17.79	 62.6390	-58.8676
685268302	4	2	17.07	 66.4109	-57.2433
685391314	3	3	14.90	 64.5734	-50.0054
685443916	3	3	17.35	 74.6438	-48.6626
685490983	3	3	14.77	 66.8317	-49.2932
685499337	3	3	16.71	 67.2647	-47.5321
685609859	3	2	16.88	 73.5022	-43.3795
686241564	2	1	17.05	 63.5010	-31.9121
686485125	2	4	16.36	 64.0748	-17.7625
708743350	2	3	16.48	 80.7512	-14.9967
724424609	4	3	17.39	 89.8641	-74.7080
724466209	4	3	16.37	 88.3658	-73.9629
724776782	4	3	16.72	 85.2795	-72.9378
732233859	4	2	17.93	 85.2323	-65.3673
734469567	4	2	17.44	 80.9150	-60.4213
734535817	4	1	16.57	 84.3045	-55.1606
734560548	4	1	17.40	 89.8385	-54.8701
734803552	3	4	17.42	 81.1772	-43.9342
734827948	3	4	17.73	 89.1991	-45.0492
735179973	4	3	17.46	 97.1163	-77.8119
737123430	4	1	17.54	 93.8404	-64.4414
737396657	4	1	16.53	 99.9101	-58.6854
737578301	4	1	17.16	 96.0605	-52.7373
737578805	4	1	16.79	 95.9603	-52.7121
737578901	4	1	17.56	 96.1119	-52.6685
737770084	3	4	17.56	 93.1584	-49.0131
737799689	3	4	16.02	 90.6771	-49.0068
737928679	3	4	17.00	 92.4073	-45.5352
737961533	3	4	14.83	 90.8302	-45.0042
764653535	4	4	17.17	115.9315	-74.2559
765351071	4	4	17.13	105.0705	-65.1461
765549141	4	4	16.28	111.9610	-64.3586
765684649	4	4	17.24	111.3732	-62.8818
766204378	4	1	17.52	108.2174	-60.2812
767124617	3	4	15.16	100.8738	-50.9521
