#
# Full target list for orbit 65, sector 29
# Created Wed Feb  3 18:29:36 EST 2021 
# Concatenation of GI astero exo bright DDT ppas spm1 GI2 exo2 lists
#
# TICID	      Camera   CCD	Tmag	   RA		  Dec
  2760232	1	3	11.13	356.3779	-16.1755
  2760710	1	3	13.84	356.5272	-16.6915
  2761472	1	3	12.55	356.5814	-11.9461
  5640393	1	4	11.18	346.5131	-15.9377
  5656273	1	4	 9.21	347.0821	-15.4100
  5676537	1	4	 9.32	347.1685	-16.3832
  5678173	1	4	 8.01	347.4376	-12.0875
  5717323	1	4	 8.11	347.5239	-17.4472
  5724661	1	4	11.21	347.7827	-17.2221
  5778313	1	4	 8.00	348.6772	-14.4465
  5796048	1	4	10.81	348.9356	-12.3651
  7148510	2	4	 8.03	  4.9072	-43.0821
  7151484	2	1	 9.88	  5.4027	-46.0947
  7220927	3	1	 8.02	 32.3975	-45.7243
  7264867	3	1	 8.63	 34.0279	-46.8845
  9006668	1	4	 9.93	349.2310	-18.6066
  9056576	1	4	 9.17	350.0865	-23.3884
  9058053	1	4	 8.09	350.1985	-19.2364
  9097661	1	3	 8.06	356.9123	 -9.9302
  9166565	1	4	 8.08	352.1689	-21.4682
  9179390	1	4	 8.09	352.4402	-18.5164
  9210746	1	4	 8.73	352.5579	-20.3921
  9708387	1	3	 8.11	358.0430	-11.7209
  9709881	1	3	 9.74	358.2627	 -7.8170
  9761274	1	3	11.07	359.0834	 -9.7690
  9786384	1	3	 8.46	359.1978	-10.0275
  9791889	1	3	 8.13	359.7833	 -8.4878
  9803255	1	3	 9.90	359.9929	 -7.8091
 12359032	1	2	11.59	  0.4437	-29.7774
 12378718	1	2	14.08	  1.1292	-24.4394
 12393800	1	2	10.74	  1.3268	-29.5015
 12395214	1	2	14.13	  1.6930	-27.3482
 12395634	1	2	 8.06	  1.6648	-24.6212
 12421477	1	2	11.70	  2.3634	-25.0114
 12421862	1	2	 9.93	  2.2726	-27.1216
 12423805	1	2	12.72	  2.5288	-26.2156
 12433577	1	2	 8.16	  2.8407	-27.0126
 12473170	1	2	 8.75	  3.7834	-29.0064
 12474920	1	2	11.49	  3.9681	-28.1304
 12862728	1	3	 8.86	  3.8706	-16.1374
 12865353	1	3	 8.02	  4.3105	-14.9962
 12878505	1	3	 8.12	  4.2639	-13.0611
 12968953	1	1	10.09	345.7077	-26.9217
 12969617	1	1	 8.09	345.7252	-29.8526
 12972937	1	1	 8.34	346.1591	-26.1826
 13074467	1	1	 8.40	348.4326	-27.3069
 20881066	1	2	 8.21	  1.1505	-19.4380
 20892891	1	2	11.51	  1.3706	-20.7706
 20897989	1	3	 8.50	  1.4359	-18.1717
 20924617	1	2	 8.04	  7.8002	-21.3513
 24705587	3	3	13.37	 25.7492	-67.3143
 24706089	3	3	 8.00	 25.7738	-69.5726
 24706112	3	3	16.34	 25.6485	-69.6375
 24706893	3	3	 8.21	 25.9830	-71.4666
 25078597	4	2	11.75	 60.3430	-70.8621
 25118964	4	2	12.03	 61.9332	-68.4196
 25132314	4	2	 8.03	 62.1285	-68.7022
 25132999	4	2	10.81	 62.0298	-71.4496
 25133286	4	2	13.58	 62.2984	-71.2948
 25153759	4	2	17.32	 63.0189	-68.1525
 25155310	4	2	10.61	 63.3750	-69.2265
 27965020	1	3	 8.20	358.7270	-19.1305
 29779873	4	2	12.49	 64.8065	-71.3531
 29780677	4	2	13.23	 65.0563	-70.0960
 29831118	4	2	 8.06	 66.4705	-67.5722
 29986479	4	2	 8.01	 72.8589	-68.4398
 29987437	4	2	13.35	 72.8977	-67.8697
 30037565	4	2	 9.60	 73.5421	-70.3790
 30316134	4	2	11.07	 74.3836	-68.0190
 30631031	4	2	 7.28	 75.1644	-70.6238
 30848598	4	2	10.90	 75.7377	-68.5667
 31108997	4	1	 8.43	 76.4295	-66.8490
 31189268	4	2	12.84	 76.8662	-69.8789
 31266926	4	2	 9.64	 88.1559	-71.5155
 31381302	4	2	12.49	 88.3604	-71.5615
 31511890	4	2	 8.04	 89.3423	-67.4283
 31633878	3	3	11.50	 45.4827	-71.6544
 31674330	3	3	11.58	 47.6299	-68.6015
 31740375	3	3	11.80	 48.3177	-66.4075
 31780319	3	3	11.85	 50.2665	-68.2799
 31814318	3	3	 8.02	 51.2205	-68.3343
 31852565	3	3	12.85	 52.6520	-71.7102
 31926807	3	3	11.20	 53.7003	-70.0534
 31946252	3	3	 8.46	 54.6835	-70.8652
 32000460	4	2	 8.45	 56.1969	-71.7036
 32036415	3	3	12.11	 56.8321	-68.3747
 32036692	3	3	 8.16	 56.7999	-67.3906
 32052779	3	3	12.78	 57.3685	-67.4647
 32068500	3	3	12.95	 57.6255	-68.4817
 32068755	4	2	14.89	 57.6572	-69.3492
 32072326	4	2	 8.85	 58.1708	-69.4257
 32089522	4	2	12.98	 58.2899	-71.6783
 32090581	4	2	13.51	 58.4151	-68.7410
 32090583	4	2	13.33	 58.4226	-68.7383
 32154687	4	2	 8.92	 59.5965	-67.5171
 32487566	1	3	10.59	  4.6031	-15.2674
 33714875	4	2	12.40	 60.3684	-72.4247
 33714944	4	2	12.31	 60.3995	-72.2542
 33834484	4	2	14.11	 63.8381	-72.8615
 33834564	4	2	13.83	 63.7863	-72.6418
 33836359	4	2	 8.08	 64.0614	-75.3440
 33837062	4	2	13.84	 63.9284	-77.5174
 33864387	4	2	11.40	 65.4139	-72.5654
 33866201	4	2	13.79	 65.6937	-75.1279
 33878688	4	2	11.18	 66.2219	-73.3336
 33878971	4	2	13.00	 66.1451	-72.7155
 33881250	4	2	12.88	 66.3438	-76.5018
 33911215	1	1	 8.47	355.8370	-24.5412
 33912852	1	1	 8.18	356.1427	-26.4766
 33945685	1	2	 8.23	356.7160	-24.2936
 33946400	1	1	 8.02	356.6994	-28.7863
 33949202	1	1	10.07	357.1467	-27.6623
 33986466	1	2	15.39	357.8414	-24.1395
 37697003	1	3	13.19	  2.8533	-11.4786
 38425450	3	4	 6.12	 60.6165	-61.3564
 38459103	3	4	 8.92	 61.0184	-63.1123
 38459395	3	4	12.59	 60.9301	-62.0987
 38461205	4	1	11.80	 61.2415	-63.9086
 38469560	4	1	 8.05	 61.9716	-64.6040
 38469670	4	1	 5.78	 61.8426	-64.2204
 38510324	4	1	 6.62	 62.5310	-61.5994
 38515329	4	1	 8.02	 62.7588	-62.4473
 38515801	4	1	13.27	 62.5520	-63.8560
 38518773	4	1	12.71	 63.1948	-60.8882
 38583513	4	1	14.26	 63.5292	-65.4135
 38586082	4	1	 6.31	 64.0879	-60.9484
 38586127	4	1	 9.79	 64.1214	-61.0837
 38586438	4	1	11.67	 64.0893	-62.0133
 38587180	4	1	 7.70	 64.1641	-64.3154
 38602305	4	1	 6.16	 64.4179	-63.2552
 38633493	4	1	 8.03	 64.9985	-61.0058
 38827910	4	1	 9.75	 68.4858	-61.4878
 38846515	4	1	10.32	 68.9599	-64.0270
 38906005	4	1	 9.61	 69.4424	-60.5234
 38954456	4	1	 8.16	 70.2612	-60.8458
 39017649	3	2	12.93	 11.7012	-67.5199
 39070579	3	2	 8.08	 13.0869	-68.1673
 40898510	4	2	13.01	 78.7285	-69.5618
 41259805	4	2	 8.84	 92.1221	-71.1199
 41464373	4	3	 8.07	 93.1624	-69.2400
 41832541	2	3	 8.19	 19.4692	-36.5291
 41862041	2	2	12.55	 20.8875	-41.2200
 41898948	2	2	 8.19	 21.8391	-39.4627
 41954053	2	2	 8.23	 21.9547	-37.6680
 41956780	2	2	 8.07	 22.3267	-41.8324
 42013007	2	2	 6.01	 23.9604	-39.9474
 42071226	2	2	11.10	 24.8416	-39.6038
 43399407	1	2	 8.06	 10.9955	-24.8726
 43450958	1	2	 8.37	 11.3062	-27.1337
 47423224	1	4	 9.78	342.0208	-24.3699
 47423287	1	4	 8.32	341.9616	-24.1216
 47525799	1	4	11.03	343.8806	-24.4098
 47525961	1	4	 8.05	344.0620	-24.1504
 47527590	1	1	16.28	344.1994	-27.7237
 49557013	1	4	 8.70	349.7230	-11.7999
 49687373	1	3	10.81	351.7684	-11.4708
 49710392	1	3	 8.16	352.2171	-10.1009
 49711130	1	3	13.57	352.2911	-10.1018
 50312495	3	3	 9.81	 31.1794	-73.1266
 50379749	3	3	 8.13	 32.9705	-74.0874
 52118080	3	3	11.48	 17.2941	-70.0404
 52120817	3	3	 8.22	 17.5568	-69.6590
 52121469	3	2	 7.50	 17.6012	-67.4416
 52122434	3	2	 8.16	 17.8206	-68.0485
 52204645	3	2	10.85	 19.3941	-66.9033
 52244325	3	2	 8.26	 19.9717	-66.2087
 52257720	3	3	 9.45	 20.9124	-68.3272
 52258534	3	3	 7.72	 21.0505	-70.6753
 52315037	3	3	15.13	 22.9932	-68.5208
 55269690	4	1	11.11	 76.2403	-63.8180
 55272404	4	1	 7.22	 76.5466	-62.7878
 55401680	4	1	 8.00	 77.9797	-60.6550
 55452078	4	1	10.34	 70.6846	-63.7046
 55478693	4	1	 8.01	 71.2144	-64.9763
 55523561	4	1	 8.22	 72.0654	-62.4282
 55557707	4	1	10.77	 73.0714	-60.3940
 55604274	4	1	 8.04	 73.5677	-59.9433
 55604374	4	1	11.83	 73.6575	-60.2346
 55650407	4	1	15.03	 73.8641	-62.9784
 55650590	4	1	12.43	 73.7386	-62.5217
 55652896	4	1	11.57	 73.9799	-63.2604
 62377948	1	2	13.99	  6.4933	-20.9585
 62379319	1	2	 8.66	  6.7444	-23.2921
 63695388	2	3	14.35	  4.7218	-31.9339
 63726058	2	3	14.92	  5.3051	-33.7077
 63817614	2	3	 8.76	 14.2872	-29.3618
 63905496	2	3	 8.11	 12.3457	-27.6050
 65258074	1	2	 8.07	359.0298	-25.9079
 66409818	2	3	13.74	 13.3224	-32.9989
 66411836	2	3	 8.04	 13.6606	-33.9571
 66437864	1	3	 8.14	355.0642	-19.1891
 66493797	2	3	12.82	 15.3232	-33.7127
 66499720	1	3	11.83	356.2337	-18.4728
 67545636	2	3	 8.26	 15.6007	-30.3920
 67567739	2	3	16.31	 16.3786	-32.6314
 67584818	2	3	12.43	 17.1116	-32.7199
 67598235	2	3	 8.43	 17.5736	-35.0434
 67643907	2	3	 8.11	 18.4344	-33.3656
 70723471	2	4	 8.20	  0.3752	-33.7929
 70723605	2	4	10.97	  0.4105	-32.9786
 70741970	1	2	 8.20	  0.4184	-30.6926
 70743424	2	4	14.56	  0.6681	-34.2321
 70775919	1	2	 8.66	  1.3433	-32.4171
 70798902	2	4	 8.29	  2.2210	-35.8191
 70819082	2	3	 8.14	  2.2465	-33.0357
 70846244	1	2	 8.37	  2.6070	-30.4791
 70859423	2	3	 9.85	  3.2933	-35.3660
 75374923	1	2	 8.45	  6.8445	-17.8482
 76923707	1	1	10.46	352.1727	-34.4914
 77031296	2	4	 8.16	354.1608	-35.3551
 77031414	1	1	10.96	354.1689	-34.6113
 77044150	1	1	 8.18	358.4997	-31.7937
 77044471	1	1	13.26	358.5589	-30.0130
 77045567	2	4	 8.52	359.1081	-35.4426
 80259373	2	1	10.98	  7.1703	-44.6248
 80262280	2	1	14.62	  7.5706	-46.5394
 80290123	2	1	15.30	  7.6971	-47.2098
 80290366	2	1	12.59	  7.9237	-47.4224
 80314629	2	1	 8.05	  8.1279	-44.0660
 80362051	2	1	 8.43	  9.3853	-45.6989
 80418594	2	1	 8.01	 10.2069	-47.8289
 80427281	2	2	11.14	 10.5462	-42.8821
 80427831	2	2	13.84	 10.7018	-44.2236
 80430728	2	2	 8.03	 11.3880	-43.1409
 80432574	2	2	 9.17	 11.6568	-42.1605
 80474886	2	2	 6.22	 12.5158	-43.3948
 80509417	2	2	 8.03	 12.6107	-46.4819
 89464315	1	1	 5.29	344.8991	-29.4623
 89502177	1	2	 8.02	356.8123	-21.7749
 89502706	1	2	11.14	356.8443	-23.2882
 92130019	1	3	12.69	355.3415	-16.9114
 92139117	1	3	 8.53	355.9691	-16.3319
 98660068	1	2	 5.81	  9.0281	-22.8426
100015126	2	2	 8.39	 23.2137	-44.0281
100100827	2	2	 8.83	 24.3545	-45.6778
100107808	2	2	 8.02	 25.3973	-46.0074
101935230	2	2	 8.07	 13.7781	-41.9786
101947808	2	2	 8.03	 14.5243	-44.1334
101948569	2	2	10.70	 14.7550	-44.1609
102048288	2	2	15.49	 16.7256	-46.1478
102072525	2	2	 8.22	 17.9412	-45.9110
102086756	2	2	11.47	 18.0126	-46.5156
111187642	1	4	 8.02	344.5386	-17.6934
111752106	1	4	 8.27	343.8473	-13.7407
114749636	1	2	11.76	359.1915	-22.1532
114819776	1	2	 8.43	  2.3967	-21.3819
114859127	1	2	 8.05	  2.8726	-18.7069
114875764	1	2	 9.30	  3.0744	-23.2988
115242300	2	3	10.12	  6.2697	-36.7713
115271947	2	2	 8.15	 25.4085	-40.4043
116156517	2	3	11.31	  7.7096	-40.5735
116157521	2	3	 8.53	  7.7050	-41.3905
116157537	2	3	 5.87	  7.6159	-40.9395
117396321	2	3	 8.08	  9.3570	-39.6757
117546706	1	3	 8.37	359.7786	-13.9453
117549546	1	3	 8.11	  0.3314	-12.3298
117550413	1	3	 9.32	  0.2628	-16.8260
117874959	2	3	10.24	  9.8999	-38.2833
118327550	2	3	10.35	 10.5695	-36.7179
118585685	2	3	10.23	 10.8546	-41.2961
120428981	2	4	 8.32	  0.4045	-39.3369
120459870	2	4	10.23	  1.1570	-40.7428
120461526	2	4	 6.67	  1.3926	-37.3708
120488831	2	4	 8.01	  1.7843	-37.9292
120506364	2	4	 8.30	  2.3846	-40.6494
120607450	2	4	 8.27	  4.6532	-40.1099
120609760	2	4	15.09	  4.9678	-41.5435
120610833	2	3	11.50	  5.2379	-35.9985
137766384	1	4	 8.05	342.7345	-18.7385
138707823	1	2	13.48	  0.8420	-23.6496
140527781	4	2	 8.03	 66.8969	-71.9959
140579075	4	2	15.03	 68.2210	-77.6084
140691463	4	2	12.02	 73.7015	-76.6806
140800765	4	2	 8.02	 74.7115	-72.1251
140802488	4	2	 8.49	 74.8902	-73.0826
140827588	4	2	 7.15	 75.4837	-76.6292
140830390	4	2	11.71	 75.6273	-72.9139
140898575	4	2	 6.70	 76.6525	-77.5699
140943025	4	2	17.63	 77.3084	-72.7787
140997242	4	2	 8.20	 78.1137	-75.1449
141026903	4	2	 6.37	 78.8530	-73.5884
141269997	4	2	 8.59	 82.4732	-73.4704
141479174	4	2	11.61	 86.9851	-76.4877
141482386	4	2	10.08	 86.8207	-72.4226
141527965	4	2	11.55	 87.7151	-75.6884
141606660	4	2	 8.04	 88.9284	-72.4065
141608198	4	2	12.54	 88.9623	-73.9855
141610486	4	2	 8.56	 88.8625	-77.8896
141610893	4	2	16.04	 89.1492	-76.9469
141627237	4	2	 9.06	 89.5477	-76.2367
141628215	4	2	 8.06	 89.8005	-77.2712
141805180	4	2	 8.29	 92.1470	-74.3934
141807629	4	2	10.10	 92.5685	-72.0085
141807839	4	2	11.21	 92.8753	-72.2271
141810080	4	2	 4.43	 92.5630	-74.7543
142052876	4	2	10.89	 97.6940	-76.7172
142109251	4	2	 8.04	 99.1913	-76.8026
142151645	3	1	 8.02	 36.4780	-47.4237
144285137	2	4	 8.07	354.1859	-42.3625
144378364	2	4	 8.33	356.7488	-43.4502
144382040	2	1	16.22	356.9426	-47.8949
144387364	2	4	 7.16	357.4776	-42.3008
144398869	2	4	 8.18	357.6578	-45.9513
144435085	2	4	 8.10	358.7214	-41.9982
144455250	2	4	 8.03	359.6008	-43.9332
145750719	1	4	12.02	341.3640	-14.9918
146163722	1	4	11.43	342.0214	-16.1873
146364192	1	4	10.42	342.0317	-14.4948
146579202	1	4	 8.11	342.5243	-16.3139
146799150	1	4	13.38	342.6919	-14.0700
149039372	4	1	 8.43	 78.3547	-65.2360
149059708	4	1	12.94	 80.4038	-60.6153
149121385	4	1	 8.13	 80.9201	-63.6150
149218683	4	1	15.22	 82.2036	-60.5051
149422364	4	1	10.07	 84.5488	-63.1041
149497700	4	1	13.51	 85.3515	-60.3516
149503727	4	1	10.32	 85.8485	-63.7676
149539114	4	1	10.61	 85.9571	-60.0983
149575726	4	1	 8.26	 86.7690	-64.7627
149603524	4	1	 9.71	 87.1398	-63.9883
149629077	4	1	 8.11	 87.3747	-63.0209
149665755	4	1	 7.97	 87.6626	-65.2600
149800048	1	1	 8.01	351.0375	-35.7085
149828633	1	1	11.00	351.5980	-32.0501
149836810	1	1	 9.13	351.8194	-33.7004
149990841	4	4	11.57	 90.6625	-64.8194
150063627	4	4	 8.00	 91.4257	-60.1056
150098860	4	4	 9.69	 91.7996	-61.9973
150103650	4	4	 8.32	 92.3417	-65.6794
150139182	4	4	 9.51	 92.7519	-65.2102
150185574	4	4	11.13	 93.4683	-65.5141
150188736	4	4	10.49	 93.7288	-60.6552
150249155	4	4	 8.07	 94.3374	-61.2461
150322340	4	4	 5.94	 95.6288	-60.2183
150357935	4	4	 8.00	 96.1953	-62.8364
150390490	4	4	 8.28	 96.5365	-64.5532
150393049	4	4	 8.01	 96.7989	-60.1051
150428703	4	4	11.76	 97.1662	-64.5964
150432211	4	4	12.81	 97.2894	-61.7928
155081964	1	1	 8.15	346.4457	-33.0480
155917395	2	1	 8.11	  5.0731	-51.9785
155918174	2	1	14.56	  5.3885	-51.7097
155967786	2	1	 8.25	  6.8270	-49.8311
156070640	2	1	 8.09	  9.8006	-52.6049
156084049	2	1	 9.89	 11.3682	-51.6264
158549349	2	2	 8.37	 20.4544	-49.3700
158595145	3	1	14.62	 22.0595	-53.0030
158595208	3	1	 8.36	 22.0371	-52.6389
158621007	3	1	 8.30	 22.4218	-51.7877
158624542	2	2	 8.70	 24.3411	-49.1950
160148385	2	1	11.91	  1.0466	-47.3606
160188131	2	1	 8.22	  6.4984	-46.9741
160263882	2	2	 8.09	 28.4250	-46.0345
165878493	2	4	 8.18	  1.2780	-42.5680
165881292	2	1	 8.20	  1.5953	-47.5459
165919382	3	1	 8.56	 31.3617	-46.9837
166678790	3	1	 8.02	 35.2025	-50.8853
166739520	3	1	 9.64	 36.7759	-50.2844
166761226	3	1	15.01	 37.7226	-47.9240
166765288	3	1	 8.05	 37.7366	-52.0002
166801868	3	1	 8.06	 38.9083	-49.5643
166808151	3	1	 9.93	 39.2164	-52.0510
166808854	3	1	 4.88	 39.3525	-52.5432
166836920	3	1	 8.93	 39.8977	-50.0083
166839052	3	1	 8.18	 40.1182	-52.8091
166853853	3	1	 4.88	 40.6425	-50.7990
167004255	4	3	 9.94	 94.7631	-71.0546
167085242	4	3	 8.13	 95.6652	-66.3128
167163906	4	3	11.04	 96.3230	-71.3622
167203674	4	3	 8.83	 97.0789	-70.2585
167205241	4	3	 8.03	 97.3487	-71.5065
167339584	4	3	 8.44	 98.5407	-68.4770
167415965	4	3	 8.01	 99.4581	-70.9309
167551757	4	4	11.03	100.9389	-64.4107
167554511	4	4	14.67	101.2040	-60.4104
167574282	4	4	10.90	101.3955	-61.3204
167602316	4	4	 3.04	102.0469	-61.9399
167695608	4	4	11.69	102.9257	-63.4304
167718227	4	4	10.64	103.0906	-62.6681
167719689	4	3	 8.54	103.0796	-65.2589
167720983	4	4	 8.03	103.3031	-64.0493
167751145	4	3	 9.74	103.9712	-64.9971
167794129	4	3	 8.84	104.4597	-64.8536
167810285	4	3	12.79	104.8174	-65.4855
167888736	4	3	11.64	105.1675	-64.6827
169284834	1	1	 8.15	356.2023	-32.8809
169285097	1	1	11.15	356.0916	-34.4501
169764680	1	4	 8.19	351.0898	-16.1754
175411471	2	4	 8.02	350.1193	-39.9921
175458095	2	4	 8.13	350.6031	-36.8060
175490502	2	4	10.26	351.8719	-37.9031
176220787	1	3	 9.48	  0.3258	 -8.9262
176284694	1	3	 8.08	  1.2358	 -7.2767
176299362	1	3	 8.04	  1.8468	-11.6130
176872276	4	3	11.56	100.5172	-73.2534
176935123	4	3	12.47	100.6235	-67.1245
176956893	4	3	11.41	100.8331	-66.9476
177077336	4	3	10.07	103.2431	-70.6415
177079697	4	3	14.81	103.3046	-66.9974
177115354	4	3	11.55	103.7548	-69.8671
177116487	4	3	10.69	103.8550	-68.1057
177118939	4	3	17.48	104.1639	-67.0379
177119085	4	3	 8.06	104.2108	-67.2271
177238322	4	3	10.37	105.3524	-69.1019
177258735	4	3	 7.54	102.2209	-73.2991
177282821	4	3	12.78	102.5058	-72.3769
177306969	4	3	12.20	103.1051	-73.0002
177309385	4	3	 7.16	103.3173	-74.7241
177310181	4	3	11.42	103.2385	-76.1480
177387396	4	3	16.17	104.9821	-73.3942
179201407	4	2	 8.27	 79.3173	-70.2596
179317684	4	2	10.87	 79.7683	-71.8955
179582003	4	2	10.23	 80.4515	-69.9882
179823154	2	3	 8.07	 13.5806	-38.2310
180999530	2	3	 8.41	 16.2613	-37.8378
181164356	2	2	 8.09	 16.5070	-39.4139
181165209	2	2	 8.13	 16.5263	-41.5005
183532609	2	4	 9.15	359.9011	-35.0313
183535256	2	3	 8.10	  5.5361	-38.3849
183537452	2	4	10.25	357.8791	-39.9073
183563578	2	3	 8.00	 11.5210	-37.8678
183584015	2	3	 8.29	 12.2458	-40.4977
183618947	2	2	 8.18	 18.6353	-40.5493
183675845	2	4	 8.02	358.2580	-40.0139
183676876	2	4	16.19	358.2542	-38.8633
183820328	2	4	15.01	358.4015	-36.5054
183979379	3	3	 8.01	 21.2915	-72.0535
183984209	2	4	 8.30	358.6988	-38.0931
183985250	2	4	 9.10	358.6694	-37.6284
184240683	2	4	11.55	359.3490	-41.2772
184533481	2	2	 8.14	 29.8310	-44.7419
188580272	1	4	 7.58	343.3254	-14.2676
188598946	1	4	 8.21	345.7628	-15.1185
188619138	1	4	14.12	349.8989	-17.0912
197787143	3	4	 8.17	 51.1228	-59.8483
197793057	3	4	 8.06	 51.8634	-57.1384
197829751	3	4	11.55	 54.1985	-55.7509
197844078	3	4	 8.15	 54.6373	-59.8206
197880458	3	4	 8.38	 55.9664	-54.0715
197908104	3	4	 8.12	 58.6794	-57.9394
197934579	3	4	 8.07	 59.4390	-56.2503
198003939	3	4	11.75	 59.8046	-59.6679
198034174	3	4	 7.47	 60.9705	-55.3999
198037452	3	4	 8.10	 61.5738	-55.2441
198076334	4	1	 8.21	 63.6505	-59.0896
198076680	4	1	11.87	 63.9519	-59.3761
198077325	3	4	 8.13	 63.9223	-56.5232
198081375	4	1	 8.03	 64.5252	-56.9971
199730918	2	2	 8.04	 21.2622	-45.6115
200656263	2	1	 8.38	  2.1123	-53.4431
200662899	2	1	 8.56	  2.6767	-50.9700
200671634	2	1	 8.02	  3.4266	-49.1984
200744877	3	4	 8.31	 49.5158	-52.8559
200779640	3	4	15.31	 50.5618	-53.7549
201177084	2	1	 8.01	357.9129	-53.8931
201229564	2	1	 8.10	359.0018	-47.9437
201233348	2	1	 8.24	359.6048	-50.9092
201248233	2	1	13.60	  0.3588	-55.6632
201248411	2	1	 9.90	  0.1851	-54.8309
201249058	2	1	 8.26	  0.5208	-56.5150
201287746	2	1	 9.73	  2.0687	-57.0983
201289286	2	1	11.58	  2.3298	-55.1000
201292296	2	1	10.90	  2.9524	-55.3660
201334108	2	1	 8.10	  4.7754	-56.4609
201753334	3	1	 8.09	 33.2079	-59.2894
201753428	3	1	10.77	 33.2434	-58.8551
201792346	3	1	12.33	 34.3657	-59.3815
201795667	3	1	11.29	 35.2152	-58.3948
201795994	3	1	11.13	 35.2798	-59.7996
201878287	3	4	11.15	 39.1418	-59.4656
201898220	3	1	11.94	 40.5179	-53.9834
201898664	3	1	 8.15	 40.6080	-56.1211
201919099	3	4	 9.71	 40.6385	-57.6603
201937751	3	4	 8.12	 41.8559	-58.2788
204314268	1	4	 8.02	345.6991	-19.3817
204317710	1	4	13.74	346.0751	-21.2720
204328293	1	4	13.95	347.1718	-21.7505
204351208	1	4	 8.09	347.4956	-23.1048
204376737	1	4	11.48	348.1571	-22.6742
204391423	1	4	 8.24	348.6616	-21.5963
206327797	2	1	 9.74	354.0650	-48.5837
206354321	2	1	 9.87	355.4313	-51.9451
206361691	2	1	 8.34	356.6283	-48.9580
206500773	2	1	 8.08	 15.8523	-54.1622
206534188	3	2	 8.04	 17.4191	-55.9465
206541859	3	2	10.57	 18.0486	-56.9254
206541995	3	2	16.02	 18.0882	-56.2411
206542524	3	2	11.28	 18.3222	-54.4865
206549835	3	2	 8.07	 18.5518	-59.5123
206584346	3	2	12.19	 20.0539	-55.2978
206590489	3	2	14.03	 20.4088	-55.5392
206592394	3	2	 7.91	 20.8396	-57.4810
206592567	3	2	 8.00	 20.9581	-56.6046
206609630	3	2	12.19	 22.5497	-59.5833
206652542	3	2	 8.40	 23.8970	-59.6568
207085743	2	2	14.38	 23.0529	-49.5613
207137122	3	4	 8.29	 43.5271	-56.7963
207141131	3	4	 8.18	 44.2619	-56.1918
207142885	3	4	15.60	 44.4496	-59.6476
207143940	3	4	 8.20	 44.5749	-55.2331
207176799	3	4	16.86	 47.1627	-58.0327
207199350	3	4	11.13	 47.4375	-57.5493
207200144	3	4	 8.12	 47.6113	-58.8280
207200679	3	4	14.35	 47.4512	-56.3967
207206762	3	4	 8.16	 48.4232	-56.0647
207207690	3	4	11.54	 48.6262	-55.8920
207238346	3	4	 8.42	 50.0516	-54.5472
211435345	1	2	 8.67	  4.6666	-22.0438
211437293	1	2	15.51	  4.8672	-21.8184
211438925	1	2	10.25	  5.1606	-23.9358
214657681	1	4	12.40	348.9741	-12.6199
218964090	1	1	 8.17	348.1538	-32.1069
218970233	1	1	15.62	348.8961	-35.4144
218970269	1	1	 8.07	348.8898	-35.2065
218973487	1	1	12.20	349.1019	-31.8438
218979514	1	1	 8.15	349.8696	-33.0304
218983421	1	1	 8.42	350.3120	-31.2374
219992932	3	1	 8.24	 31.0745	-51.1541
219998026	3	1	 8.05	 31.8261	-53.1992
220014931	3	1	 8.15	 32.0885	-53.4910
220020672	3	1	 8.52	 32.9812	-49.2201
220021331	3	1	12.99	 33.2998	-49.7483
220021405	3	1	14.40	 33.3017	-50.0778
220391375	4	1	 8.02	 68.1286	-56.2256
220391763	4	1	11.63	 68.2415	-57.6959
220411786	4	1	 8.06	 70.8635	-58.7895
220412239	4	1	 8.01	 70.8468	-57.0927
220414682	4	1	 8.71	 71.1125	-59.3213
220429730	4	1	17.38	 72.9714	-56.1524
220432563	4	1	11.30	 73.4336	-58.6065
220433363	4	1	 8.71	 73.3813	-55.8599
220433364	4	1	 9.43	 73.3788	-55.8584
220436223	4	1	 5.69	 73.7221	-58.5473
220454990	4	1	 8.23	 74.2749	-55.6125
220473309	4	1	 8.46	 75.1967	-57.2566
220473692	4	1	12.39	 75.1042	-58.5022
220476769	4	1	15.57	 75.5506	-56.6186
220477045	4	1	 8.01	 75.5281	-57.4834
220523140	3	3	 8.01	 42.2271	-65.2390
220539110	3	4	10.03	 43.4472	-61.5877
220554352	3	3	11.55	 43.7367	-64.6998
220561605	3	4	11.28	 45.1059	-62.4473
220563044	3	4	16.67	 45.3525	-62.9277
220567752	3	3	12.21	 46.2566	-65.7769
220570421	3	3	 8.14	 46.7636	-65.4492
220571386	3	4	 8.08	 46.8534	-62.1840
224225152	2	4	10.46	353.0022	-39.2947
224269420	2	4	10.89	354.2264	-36.4807
224270730	2	4	 9.80	354.5742	-41.5189
224272297	2	4	 8.04	354.6084	-39.0025
224283245	2	4	 8.10	356.3595	-40.9242
224284606	2	4	 8.02	356.4989	-37.9758
224285325	2	4	 7.05	356.6390	-41.5868
228381868	1	3	12.07	357.5807	-17.0776
228383349	1	3	 8.05	357.2996	-14.9192
229091700	2	1	 8.09	  3.7621	-45.9778
229092427	2	2	 4.43	 18.8018	-45.5306
229093048	2	2	 8.19	 19.0763	-42.4797
229097329	2	2	 8.19	 19.5938	-44.1971
229137615	3	1	 5.01	 25.6238	-53.7414
229144939	3	1	13.78	 26.8229	-51.5609
229147927	3	1	10.61	 27.1713	-48.5147
229147944	3	1	 8.16	 27.1872	-48.4138
229150702	3	1	 5.78	 27.7264	-50.2062
229152539	3	1	10.92	 28.2105	-48.0960
229156385	3	1	 8.02	 28.6403	-50.6215
229156509	3	1	16.19	 28.6497	-49.9165
229157718	3	1	 8.02	 28.9248	-52.1418
229159785	3	1	 5.62	 29.2532	-51.7648
230980624	3	1	 8.08	 24.2604	-54.5580
230982885	3	1	 9.97	 24.6054	-55.7720
230983365	3	2	 8.31	 24.7340	-58.5798
231005809	3	1	15.09	 25.1331	-55.7277
231013017	3	2	 9.06	 26.1969	-57.9507
231017428	3	1	 9.60	 27.1118	-56.9783
231020638	3	2	11.15	 27.7381	-58.7344
231046293	3	1	 8.70	 28.8263	-56.4142
231048083	3	1	 6.54	 28.9515	-55.0722
231048207	3	1	 8.26	 29.0379	-54.4029
231055581	3	1	 9.27	 30.1607	-55.9684
231061242	3	1	 6.08	 31.1473	-54.8818
231065613	3	1	 8.29	 31.7795	-55.1504
231091547	4	2	 9.02	 68.8387	-68.2292
231097055	4	2	10.57	 69.3867	-69.1873
231277305	3	1	 8.13	 42.1297	-51.5677
231738304	4	2	17.16	 67.0766	-72.5386
231739754	4	2	16.93	 67.2015	-75.6542
231799463	4	2	18.43	 78.2555	-70.4616
231828422	3	2	 8.00	 23.1302	-62.8435
231835378	3	2	11.39	 24.4218	-64.4489
231843574	3	2	 8.06	 25.7310	-64.9087
231853979	3	2	 8.04	 27.6539	-62.0706
231857003	3	2	12.04	 28.2317	-63.4917
231858068	3	2	11.40	 28.3482	-63.5723
231864125	3	2	 9.85	  5.7548	-60.2840
231910539	3	2	12.07	  6.8899	-61.9550
231912935	3	2	10.50	  7.3180	-63.7906
231914259	3	2	10.08	  7.6082	-62.6007
232073219	3	3	11.95	 28.5074	-69.7097
232073911	3	3	10.32	 28.2914	-66.8742
232074599	3	3	 8.02	 28.8254	-67.9115
232077453	3	3	11.46	 29.4458	-67.6337
233959986	3	3	 8.30	 31.6311	-64.3209
233961805	3	2	 8.13	 32.1980	-61.4366
234306874	3	3	 8.00	 35.0142	-69.4313
234307350	3	3	15.89	 34.8536	-71.6217
234345288	3	3	 9.78	 38.8875	-71.6243
234345946	3	3	15.61	 38.7314	-69.0602
234490176	3	2	10.67	  9.0949	-63.6799
234490974	3	2	14.28	  9.0959	-59.9236
234498473	3	2	 5.21	 10.6727	-65.6086
234502511	3	2	 8.20	 11.4659	-60.0053
234506911	3	2	10.77	 12.3998	-63.7952
234509975	3	2	11.42	 13.0439	-61.9229
234516309	3	2	10.64	 14.1950	-63.2827
234519192	3	2	 8.07	 14.5517	-64.7615
234522714	3	2	 8.04	 15.4131	-62.1623
234526939	3	2	11.10	 16.0247	-65.3752
234548714	3	2	 7.22	 17.0180	-61.8717
237885807	3	2	11.46	 20.6892	-63.3126
237909385	3	2	 8.41	 21.7576	-64.5798
237913194	3	2	11.49	 22.4459	-60.7399
237922465	3	4	12.43	 57.3390	-60.7872
237925095	3	4	16.82	 57.5368	-61.3137
237933451	3	4	 8.00	 58.8262	-65.2843
237935915	3	4	 8.07	 59.1474	-61.7081
237936374	3	4	10.32	 59.3246	-63.1724
237949640	4	4	 8.24	101.5943	-53.3422
238018220	4	4	17.09	102.9654	-53.0094
238060327	4	4	11.81	104.1960	-52.0739
238188583	4	2	 8.10	 55.2960	-73.9292
238195769	4	2	 8.06	 56.8381	-76.4212
238226712	4	2	15.60	 58.8241	-72.0646
238870892	3	3	 8.16	 38.0741	-72.1808
238891740	3	3	 8.11	 40.4747	-75.2381
240627401	1	4	14.66	339.3096	-15.5142
240715874	1	4	 8.23	340.0157	-17.8080
240720796	1	4	11.91	339.9024	-16.1299
240720896	1	4	 8.31	340.0384	-15.2703
240810401	1	4	13.00	340.6082	-16.3333
240811631	1	4	17.96	340.4139	-15.3761
240849748	1	4	10.72	340.9597	-16.4625
246821917	1	2	15.88	  4.6853	-25.6123
246848029	1	2	14.70	  5.4949	-24.4224
246848176	1	2	 8.00	  5.5587	-25.2151
246853154	1	2	 8.03	  6.0780	-28.9806
246891898	1	2	 8.07	  9.0064	-24.6185
246893356	1	2	 8.14	  9.0502	-26.7605
246894847	2	3	 8.00	  9.2518	-29.7114
246895813	1	2	 5.05	  9.3453	-24.7674
251821926	2	3	 8.05	  5.3881	-35.3603
251827934	2	3	 8.24	  6.2831	-31.8493
251845153	2	3	10.44	  6.9601	-32.5520
251848046	2	3	 8.07	  7.3472	-35.7255
251848941	2	3	10.42	  7.3023	-30.4542
251857373	2	3	16.42	  8.7079	-31.4980
251879735	2	3	 8.05	  9.9068	-32.6682
251883048	2	3	 9.38	 10.3029	-34.5341
254291941	1	1	 6.31	354.0400	-26.8763
254293054	1	1	 8.01	354.5144	-28.7603
254299284	1	1	11.39	355.1124	-28.0051
255560319	4	4	 8.44	 96.0715	-53.5756
255587619	4	4	10.66	 96.8409	-53.1030
257735735	3	2	 8.23	 30.1807	-63.4077
259863352	3	3	 7.13	 40.3667	-71.4628
259864042	3	3	14.76	 40.3256	-68.9237
259886373	3	3	 8.02	 41.0168	-68.1488
259901346	3	3	11.69	 41.5131	-70.4022
259929341	3	3	16.04	 42.4480	-67.0434
259962054	3	3	12.24	 43.0179	-67.6868
259963278	3	3	10.31	 43.3782	-71.3756
259974768	3	3	16.99	 43.2775	-67.4306
260002014	3	3	14.06	 44.0830	-70.3703
260004324	4	4	10.14	 91.0917	-55.3110
260078159	4	4	11.01	 91.9914	-55.3983
260079513	4	4	 8.05	 92.0713	-55.2384
260127606	4	4	 8.04	 92.0670	-57.9322
260128333	4	4	11.49	 92.1331	-59.5409
260162387	4	4	10.39	 92.8249	-55.5512
260266502	4	4	 7.29	 94.0637	-59.2205
260268898	4	4	11.06	 93.9849	-54.3055
260369118	4	4	14.87	 95.1606	-57.0939
260416268	4	4	 5.41	 95.7322	-56.3701
260639999	4	4	11.06	 97.9484	-56.9744
260640693	4	4	11.91	 97.8206	-58.3203
260709282	4	4	 8.01	 98.5248	-57.0860
260949692	4	2	 8.04	 73.3152	-78.1457
261138245	4	2	 8.09	 84.6684	-78.6479
261258146	4	2	 9.11	 89.7445	-78.2822
262530407	2	2	 9.49	 20.4382	-46.7148
262548040	2	2	14.32	 21.0189	-42.6804
262614905	4	3	11.16	116.6930	-62.8054
270376470	1	1	 8.21	343.7284	-27.8496
270409882	1	1	 8.35	348.2999	-25.5500
270410795	1	1	 8.33	348.2744	-29.5809
270458895	1	1	 8.21	353.4693	-25.7734
271698614	4	3	 8.09	109.9832	-76.6921
271723402	4	3	 8.68	110.3810	-72.7240
271893367	4	3	10.90	112.9653	-73.6060
271972426	4	3	12.22	114.0132	-75.4697
272086159	4	3	13.40	115.0035	-72.2050
272088627	4	3	 8.01	115.5212	-74.9482
272128326	4	3	 8.73	116.4173	-72.3239
272550198	4	3	 8.30	121.8219	-74.1817
273864083	3	3	 9.48	 31.8721	-66.5677
277018227	4	2	12.83	 83.8954	-70.4067
277108325	4	2	12.08	 84.2319	-68.8906
277291895	4	2	 8.12	 84.3617	-70.6849
277301936	4	2	 9.45	 84.5316	-68.4439
278683844	4	4	 9.28	 99.2386	-58.0165
278775103	4	4	 8.01	 99.7408	-55.2986
278777070	4	4	 8.01	 99.7440	-58.8360
278779899	4	4	 8.09	 99.9028	-55.6096
278865869	4	4	12.69	100.8613	-55.8314
278901108	4	4	10.87	101.1539	-54.6459
279248134	4	4	10.60	103.8372	-55.2617
279319721	4	4	 8.08	104.1986	-54.7954
279324004	4	4	 8.01	104.2197	-59.3788
279475245	4	4	11.94	105.0841	-59.0354
279510595	4	4	14.69	105.5816	-58.8347
279572957	4	4	10.66	106.0891	-57.1103
279727001	3	4	 8.67	 50.4668	-61.7988
279740818	3	3	 9.61	 51.7641	-65.8505
279741177	3	4	 8.05	 51.8501	-64.3308
279741379	3	4	 6.99	 51.7513	-63.5005
279741867	3	4	 9.03	 51.8219	-61.4779
280051011	3	3	 8.01	 43.5749	-73.4528
280052879	3	3	 8.11	 45.6084	-76.8680
280095254	3	3	 9.47	 46.1985	-73.3963
280098635	3	3	15.97	 47.1435	-73.4548
281459670	3	2	11.67	  5.6185	-59.9426
281540835	3	2	 8.03	  6.7046	-59.8780
281541555	2	1	13.04	  6.7027	-56.3161
281563487	2	1	 8.06	  7.2838	-55.6393
281575427	2	1	 9.45	  7.9755	-56.9651
281594636	2	1	15.84	  8.4006	-55.1444
281594845	2	1	 8.19	  8.2884	-54.1546
281599082	3	2	 8.14	  9.1357	-57.0951
281631335	4	3	 8.06	115.9742	-64.6232
281634912	4	3	 8.07	117.0799	-62.6768
281658096	2	1	13.28	 10.0556	-55.0312
281667171	3	2	 5.37	 10.1170	-59.4520
281670243	2	1	11.41	 10.5430	-54.7457
281709735	2	1	 8.05	 11.1248	-54.3132
281727553	3	2	 8.13	 11.5855	-58.2674
281781375	3	2	 9.22	 12.9763	-59.3439
281850414	3	2	 8.25	 14.4959	-55.2442
284195833	4	3	 8.17	105.5810	-69.3525
287298253	4	1	16.76	 82.2810	-66.0065
287298669	4	1	17.57	 82.2900	-66.2576
287298969	4	1	 7.88	 82.3553	-66.4390
287774787	4	3	 8.01	127.1335	-73.1539
289592081	1	3	 8.19	  1.7821	-15.8504
289593425	1	3	16.20	  1.8962	-16.0925
289713694	1	3	 8.00	  3.6266	-16.6718
293165262	4	1	14.51	 66.6217	-59.1027
293271232	4	4	 7.51	 98.6953	-63.2622
293271581	4	4	12.47	 98.9003	-62.6401
293937291	4	4	10.75	106.6325	-56.2168
294094184	4	4	10.61	107.4498	-55.9681
294097368	4	4	10.38	107.7067	-55.5610
294205275	4	4	 8.06	108.0761	-58.4033
294399068	4	4	 9.43	109.2452	-59.1228
294626591	4	2	 9.50	 70.4984	-70.5224
294750180	4	2	 9.02	 71.0440	-70.3240
294754396	4	1	10.71	 71.0049	-66.4008
294781547	4	2	10.39	 71.4841	-68.7618
294784092	4	2	 8.92	 71.2626	-70.6719
294977810	4	2	17.48	 72.4212	-69.2899
299887679	3	2	 8.40	 10.2096	-65.8574
300038935	4	3	 9.10	107.8437	-68.8333
300086410	4	3	16.98	107.8419	-70.7742
300138745	4	3	10.18	108.7551	-69.7720
300241371	4	3	 8.00	109.4017	-71.3342
300325379	4	3	 8.03	110.7053	-66.5388
300443029	4	3	10.47	111.6159	-70.8261
300510333	4	3	 9.67	112.2534	-70.2390
300560295	4	3	10.78	112.9157	-68.1332
300658296	4	3	 8.00	114.6477	-68.2706
300739852	4	3	10.21	115.1650	-69.1416
300808454	4	3	12.24	116.5623	-66.9862
300809119	4	3	 9.10	116.6859	-67.7500
300863975	4	3	18.22	117.1243	-67.7569
300970893	4	3	13.34	118.3063	-67.8006
302923993	3	3	 8.31	 34.9587	-63.5446
303317035	1	1	 8.14	351.4074	-29.5503
303584611	1	1	 6.75	352.1049	-25.4206
303584701	1	1	 8.53	351.8904	-24.2396
303821373	1	1	13.38	352.2519	-29.7795
304389446	1	1	14.07	352.9582	-28.8814
304391913	1	1	14.35	352.7653	-25.2633
305048087	1	1	13.41	353.2438	-29.4170
306574570	4	3	 9.90	119.3872	-71.2482
306577335	4	3	 8.11	119.3053	-67.6934
306739391	4	3	11.31	120.9705	-69.8810
306739511	4	3	 8.06	120.7380	-70.0301
306779124	4	3	10.22	121.5091	-71.0430
306826966	4	3	13.69	121.7288	-66.3063
306894095	4	3	12.35	121.9489	-70.2274
307087642	4	3	 8.84	123.5372	-66.0260
307091504	4	3	 7.71	123.7101	-69.6226
307210830	4	3	 9.41	124.5332	-68.3150
307434940	4	3	 9.60	125.8372	-71.0332
307780535	4	3	 8.05	127.9615	-68.3955
307785290	4	3	 8.09	128.2167	-70.4312
309658435	4	1	14.89	 79.0441	-60.9603
309702890	4	1	10.60	 79.7052	-65.0249
309703910	4	1	11.33	 79.7371	-64.0589
309755088	4	1	11.96	 79.7461	-60.5326
309791758	4	1	14.72	 80.1841	-61.4973
309792357	4	1	10.04	 80.1060	-59.8953
311086367	1	3	 8.23	352.2327	-14.3122
311403944	3	1	10.46	 36.1104	-47.1718
313936313	1	2	 8.67	  4.3563	-29.8210
314018646	2	4	10.74	  2.4397	-42.0277
314865962	3	3	10.35	 53.2817	-72.7440
316769815	1	1	 8.11	354.6109	-31.7796
319259194	4	2	 9.53	 71.6509	-78.5616
319611434	4	4	11.72	101.0788	-53.9632
321979116	2	4	12.77	  0.5495	-43.1693
322009509	2	1	15.25	  3.1793	-45.8544
322307342	3	2	11.78	 15.0061	-58.9047
326477466	1	4	 8.01	344.5698	-22.4053
327994213	1	2	 9.03	  0.3075	-21.4040
332486992	1	1	 8.10	350.2726	-25.2530
332519505	1	1	 8.01	351.1744	-27.7248
339598472	3	4	 8.19	 45.9498	-52.2485
340703996	1	2	11.33	  6.1842	-27.1374
340704781	1	2	14.28	  8.4745	-27.1400
340705588	2	3	 8.39	 16.6098	-32.6255
340707703	2	3	15.07	 17.0863	-35.5785
348839788	4	4	 9.30	 98.8426	-57.6261
348842168	4	4	11.49	 98.8557	-57.2715
348898049	4	4	10.76	106.0603	-62.9025
348899264	4	4	 8.04	106.1815	-60.8080
348992108	4	4	14.63	106.9111	-62.3781
349095149	4	3	10.06	107.9210	-65.5088
349156177	4	3	 7.40	108.3160	-64.8734
349269343	4	4	 8.00	108.9713	-61.8623
349271114	4	4	10.99	109.2049	-60.3506
349273907	4	3	 6.99	109.1556	-64.1245
349275562	4	3	 9.13	109.4547	-65.2141
349374765	4	4	 9.91	110.2133	-62.1688
349411267	4	4	 8.05	110.3439	-60.2531
349480752	4	3	 8.07	110.8602	-64.6920
349483265	4	4	11.38	111.0206	-61.4150
349574361	4	3	 9.53	111.7157	-65.8852
349576261	4	3	11.53	112.0100	-63.5178
349784936	4	3	 8.08	113.1789	-63.3246
349791471	4	4	 8.16	113.4655	-60.7499
349829477	4	4	 8.31	113.6764	-61.0828
349902873	4	3	 8.62	113.7696	-63.0394
349972412	4	3	12.55	114.4673	-62.0783
350146296	4	3	 9.17	115.7396	-63.7019
350297825	4	1	14.13	 83.7107	-58.0280
350433903	4	1	 8.16	 85.0495	-56.5068
350444342	4	1	 8.07	 85.3598	-59.7669
350580827	4	4	 8.12	 86.8899	-55.0365
350583903	4	4	13.22	 87.1889	-58.2900
350618622	4	4	 8.58	 87.4018	-54.9103
350620310	4	4	 8.13	 87.3268	-58.6712
350765919	4	4	14.18	 89.3022	-59.5905
350954375	4	4	10.65	 90.9498	-55.2943
354605791	2	2	 9.60	 22.9734	-50.4507
354606558	3	1	 9.10	 24.4909	-52.9587
354654335	2	2	 8.02	 25.0955	-47.9127
354655660	3	1	 8.42	 33.8577	-52.2679
355508120	3	2	 8.01	 15.1946	-57.7191
355509914	3	2	14.67	 15.5251	-59.0877
355636844	2	1	10.24	358.3022	-56.0133
355789337	3	2	11.12	 29.5687	-62.2098
358069236	3	3	 8.16	 38.3512	-65.6394
358105506	4	2	 8.50	 48.2689	-77.0280
358107357	3	3	 8.18	 51.0560	-73.4922
358107516	3	3	12.17	 51.2284	-73.9575
358253471	3	4	 8.11	 61.8423	-59.7303
358288509	3	4	17.04	 62.1208	-54.6599
358576515	3	4	 8.05	 38.6978	-61.0625
358577149	3	3	 8.11	 38.5708	-63.9128
364266095	3	4	16.11	 62.7887	-59.1879
364326091	4	4	 8.01	101.7985	-61.8131
364393429	4	3	 9.24	116.5937	-64.0558
364422623	4	3	 8.26	119.7002	-64.5444
364588501	4	2	 9.20	 85.4034	-76.0722
364588606	4	2	 9.74	 85.0679	-76.3861
369397090	1	1	12.35	358.1506	-30.1693
369666165	2	1	 4.89	 12.6722	-50.9866
369705840	3	3	14.28	 32.4622	-63.3110
369707376	3	3	 9.99	 32.8166	-63.2300
369771333	3	3	 8.33	 35.3847	-61.8949
370227221	4	2	 8.10	 85.5473	-74.5674
370236000	4	3	 8.21	105.2593	-74.0174
373604254	4	2	 8.08	 81.1833	-67.8974
374829238	4	1	11.50	 88.3372	-65.6334
374858770	4	4	 9.90	 88.3169	-61.3284
374997123	4	4	10.30	 99.2248	-63.0794
375034557	4	4	 5.64	 99.5009	-61.5330
380824781	2	4	 8.23	357.2250	-34.3974
380826878	1	1	15.56	357.6276	-31.4593
380859663	1	1	 7.19	357.9527	-33.4521
381204905	3	3	 9.55	 30.8487	-65.5134
381949122	4	1	 4.22	 76.3774	-57.4720
381949148	4	1	 7.36	 76.4470	-57.5531
381949410	4	1	11.04	 76.5439	-58.4745
382042960	4	1	17.01	 79.0502	-56.0113
382044998	4	1	10.64	 79.4256	-57.1154
382145521	4	1	 8.00	 80.3227	-56.2452
382198673	4	1	 8.39	 81.5633	-59.1928
382256692	4	1	14.14	 82.3691	-58.9128
382303117	4	1	15.96	 83.2785	-56.0647
382419353	3	1	 8.03	 34.9403	-56.1150
382427577	2	4	 8.85	350.4641	-42.8383
382437043	4	3	 9.31	117.2148	-63.7201
382523220	2	1	 8.99	 13.2080	-48.9906
382524669	2	1	 8.07	 13.3698	-51.0528
382551780	2	2	 8.01	 19.4223	-51.0346
382633618	3	3	11.96	 39.5463	-63.9941
388104525	3	4	11.60	 55.9337	-65.1938
388104889	3	4	 8.02	 55.9867	-63.5270
388131027	4	2	 8.03	 65.3618	-69.6155
388182039	4	3	10.37	105.6468	-75.1466
389570196	4	2	 7.85	 86.5232	-67.7097
389627404	2	4	14.46	359.7912	-40.5557
389669796	4	2	10.39	 86.8992	-69.3664
389920950	4	2	 7.18	 87.7523	-69.9028
389924075	4	2	10.40	 87.8741	-70.9918
391892593	4	3	 9.35	115.4550	-68.0283
391925969	4	3	 9.97	107.7566	-75.1680
393030999	4	2	 8.20	 65.6851	-78.7144
393491149	4	1	12.54	 67.5997	-59.4683
394698511	4	2	15.79	 58.3993	-78.1875
396721282	4	1	 8.68	 65.7605	-55.3091
399572343	1	4	 8.47	341.2470	-21.8196
401838998	2	2	 8.09	 26.2289	-43.6456
402026209	2	4	11.83	353.5629	-42.0619
402027326	2	4	13.86	353.5091	-47.2408
402028558	2	2	 8.19	 16.6940	-48.0780
402128282	2	3	 8.31	 11.4480	-30.6638
402130217	2	3	 8.18	 11.6948	-32.2443
402313506	1	4	10.83	339.5849	-16.7220
402313808	1	4	 8.30	339.6405	-15.2993
402339032	1	3	13.51	353.9031	-16.2963
404765784	4	2	10.61	 84.9251	-67.9396
404852431	4	2	 8.77	 85.2302	-69.1753
406350895	1	2	 9.99	  5.1073	-17.8086
415969908	1	4	11.30	343.7081	-18.9127
419011435	1	4	 8.46	343.1185	-21.1829
425064757	4	2	11.36	 82.9180	-69.8836
425863973	2	4	 8.07	352.1288	-46.7140
425905468	3	2	 8.05	  2.2080	-60.1373
425933644	3	2	11.40	  3.6997	-60.0636
425940120	3	2	 8.04	  8.7955	-62.0815
425997655	3	4	 8.75	 55.4587	-62.7673
426017070	3	3	15.95	 42.8124	-73.1555
426017248	3	3	14.89	 42.8399	-72.5759
431380369	3	3	 7.82	 49.0335	-73.5488
431589361	3	3	12.25	 50.7573	-74.3164
434099579	1	3	 8.02	352.8223	-12.1947
434103922	1	3	 8.23	354.2581	-17.5621
434105513	1	3	 8.13	354.4094	-15.2147
434106275	1	3	 9.21	354.5323	-16.2366
434109269	1	3	 8.25	354.8929	-11.9530
439397980	1	3	14.72	  0.8833	-16.7329
441462736	1	4	 7.36	353.0330	-21.8011
441469568	1	4	 8.39	353.6570	-20.1707
453099619	4	3	 8.10	116.0861	-69.5105
469935712	2	1	 8.29	355.6172	-50.6995
471013513	4	1	14.84	 69.3921	-61.9619
471013553	4	2	15.80	 85.8925	-68.3728
471013582	4	2	16.10	 91.1287	-71.4231
471016669	1	3	10.31	359.3358	-12.9802
609951285	2	3	16.23	  5.4156	-31.6838
616346359	2	2	17.32	 17.2557	-43.3230
630952812	3	3	14.00	 38.4338	-75.0816
631345868	3	3	15.85	 34.5812	-64.2979
631474881	3	2	 8.57	 24.7339	-58.5801
631474882	3	2	 8.81	 24.7341	-58.5795
650213298	4	2	15.89	 53.8363	-74.2836
650561395	3	4	17.15	 52.0482	-60.3775
684404985	4	1	17.54	 78.7080	-65.0209
684905448	4	1	16.89	 64.7268	-64.5899
684974870	4	1	17.04	 69.8522	-59.5905
685012668	3	4	17.79	 62.6390	-58.8676
685268302	4	1	17.07	 66.4109	-57.2433
724424609	4	2	17.39	 89.8641	-74.7080
724466209	4	2	16.37	 88.3658	-73.9629
724776782	4	2	16.72	 85.2795	-72.9378
732233859	4	1	17.93	 85.2323	-65.3673
734469567	4	1	17.44	 80.9150	-60.4213
734535817	4	1	16.57	 84.3045	-55.1606
734560548	4	4	17.40	 89.8385	-54.8701
735179973	4	2	17.46	 97.1163	-77.8120
737123430	4	4	17.54	 93.8404	-64.4414
764653535	4	3	17.17	115.9315	-74.2559
765351071	4	3	17.13	105.0705	-65.1461
765434315	4	4	17.06	105.2922	-63.2006
765549141	4	3	16.28	111.9611	-64.3586
766204378	4	4	17.52	108.2174	-60.2812
804791406	4	3	16.40	120.6812	-74.8185
2056034502	1	1	 5.26	344.8989	-29.4623
